BlockEA
1526.4923509812158 50.0
1541.2898803581227 50.0
1609.072111697766 50.0
1593.9563558825353 50.0
1625.6198864850126 50.0
1619.5735841588971 50.0
1642.9632273678594 50.0
1649.1686429131146 50.0
1670.1715878355885 50.0
1670.8080407120287 50.0
1682.4233057070867 50.0
1689.2651741288514 50.0
1694.1976839212955 50.0
1694.0385707021842 50.0
1696.743495427076 50.0
1695.6297028932968 50.0
1697.3799483035214 50.0
1696.5843822079646 50.0
1704.0627035062064 50.0
1702.789797753313 50.0
1704.2218167253181 50.0
1702.6306845342012 50.0
1705.9720621355477 50.0
1702.4715713150897 50.0
1703.9035902870946 50.0
1702.789797753313 50.0
1705.4947224782122 50.0
1705.812948916436 50.0
1707.7223075457782 50.0
1708.67698686045 50.0
1711.0636851471304 50.0
1709.4725529560098 50.0
1710.7454587089064 50.0
1708.5178736413382 50.0
1710.26811905157 50.0
1709.4725529560098 50.0
1710.9045719280184 50.0
1707.0858546693307 50.0
1708.995213298674 50.0
1708.995213298674 50.0
1710.9045719280184 50.0
1711.2227983662426 50.0
1712.1774776809154 50.0
1712.0183644618032 50.0
1713.450383433813 50.0
1711.2227983662426 50.0
1713.6094966529251 50.0
1712.1774776809154 50.0
1712.3365909000277 50.0
1709.154326517786 50.0
1706.4494017928832 50.0
1707.5631943266665 50.0
1704.6991563826534 50.0
1704.0627035062064 50.0
1701.9942316577549 50.0
1701.8351184386431 50.0
1700.7213259048622 50.0
1697.3799483035214 50.0
1696.5843822079646 50.0
1693.2430046066283 50.0
1692.1292120728501 50.0
1691.4927591964058 50.0
1689.2651741288514 50.0
1687.833155156853 50.0
1688.1513815950748 50.0
1687.0375890612986 50.0
1686.8784758421875 50.0
1684.1735511173042 50.0
1684.9691172128578 50.0
1684.1735511173042 50.0
1685.4464568701903 50.0
1685.2873436510795 50.0
1685.9237965275227 50.0
1686.0829097466335 50.0
1685.4464568701903 50.0
1684.9691172128578 50.0
1685.7646833084118 50.0
1685.2873436510795 50.0
1685.4464568701903 50.0
1684.6508907746363 50.0
1684.1735511173042 50.0
1682.1050792688654 50.0
1681.9459660497546 50.0
1680.991286735091 50.0
1679.2410413248751 50.0
1677.6499091337705 50.0
1676.8543430382185 50.0
1675.8996637235564 50.0
1676.0587769426666 50.0
1674.4676447515635 50.0
1672.5582861222406 50.0
1670.4898142738086 50.0
1669.216908520928 50.0
1668.580455644488 50.0
1667.944002768048 50.0
1665.8755309196185 50.0
1665.5573044813987 50.0
1663.4888326329708 50.0
1663.8070590711902 50.0
1662.2159268800924 50.0
1662.534153318312 50.0
1660.9430211272147 50.0
1659.351888936118 50.0
1658.2380964023507 50.0
1655.8513981157078 50.0
1653.1464733908472 50.0
1652.3509072953004 50.0
1651.2371147615352 50.0
1650.1233222277701 50.0
1650.4415486659886 50.0
1648.3730768175687 50.0
1647.895737160241 50.0
1646.7819446264768 50.0
1645.0316992162768 50.0
1644.5543595589497 50.0
1643.4405670251865 50.0
1644.0770199016224 50.0
1643.5996802442955 50.0
1642.1676612723145 50.0
1644.2361331207314 50.0
1643.2814538060775 50.0
1641.8494348340967 50.0
1642.4858877105323 50.0
1641.6903216149876 50.0
1641.053868738552 50.0
1640.4174158621163 50.0
1638.9853968901364 50.0
1638.348944013701 50.0
1636.2804721652867 50.0
1633.41643422133 50.0
1632.939094564004 50.0
1631.8253020302438 50.0
1631.6661888111353 50.0
1630.7115094964838 50.0
1630.0750566200495 50.0
1627.5292451143134 50.0
1629.1203773053983 50.0
1627.688358333422 50.0
1627.0519054569882 50.0
1625.9381129232293 50.0
1624.8243203894706 50.0
1624.3469807321453 50.0
1622.755848541062 50.0
1621.1647163499792 50.0
1621.8011692264124 50.0
1619.7326973780052 50.0
1618.618904844248 50.0
1617.5051123104909 50.0
1616.0730933385178 50.0
1613.5272818327887 50.0
1612.8908289563567 50.0
1611.7770364226008 50.0
1611.6179232034929 50.0
1611.7770364226008 50.0
1611.9361496417089 50.0
1611.140583546169 50.0
1610.6632438888453 50.0
1609.072111697766 50.0
1608.1174323831187 50.0
1606.3671869729324 50.0
1604.457828343639 50.0
1602.548469714346 50.0
1602.3893564952382 50.0
1601.2755639614843 50.0
1601.434677180592 50.0
1601.1164507423766 50.0
1600.6391110850536 50.0
1600.7982243041613 50.0
1601.5937903996999 50.0
1600.3208846468383 50.0
1600.1617714277306 50.0
1600.1617714277306 50.0
1599.5253185513002 50.0
1599.3662053321925 50.0
1599.2070921130849 50.0
1598.0932995793316 50.0
1598.252412798439 50.0
1597.7750731411163 50.0
1598.0932995793316 50.0
1596.9795070455784 50.0
1597.4568467029012 50.0
1597.6159599220089 50.0
1598.252412798439 50.0
1597.4568467029012 50.0
1597.138620264686 50.0
1597.138620264686 50.0
1600.6391110850536 50.0
1601.5937903996999 50.0
1602.0711300570229 50.0
1602.7075829334538 50.0
1603.0258093716693 50.0
1602.7075829334538 50.0
1602.7075829334538 50.0
1602.2302432761305 50.0
1601.7529036188075 50.0
1600.7982243041613 50.0
1601.1164507423766 50.0
1600.3208846468383 50.0
1600.3208846468383 50.0
1599.6844317704079 50.0
1599.0479788939772 50.0
1598.4115260175467 50.0
1597.138620264686 50.0
1597.4568467029012 50.0
1596.3430541691482 50.0
1594.5928087589652 50.0
1593.9563558825353 50.0
1593.3199030061053 50.0
1593.3199030061053 50.0
1593.1607897869978 50.0
1592.6834501296753 50.0
1591.7287708150307 50.0
1590.9332047194935 50.0
1590.774091500386 50.0
1589.8194121857416 50.0
1588.5465064328826 50.0
1587.7509403373456 50.0
1587.5918271182384 50.0
1586.7962610227016 50.0
1586.1598081462723 50.0
1585.6824684889502 50.0
1585.523355269843 50.0
1584.4095627360919 50.0
1583.6139966405556 50.0
1583.2957702023411 50.0
1582.5002041068049 50.0
1582.8184305450193 50.0
1582.0228644494832 50.0
1581.227298353947 50.0
1580.5908454775183 50.0
1579.4770529437678 50.0
1579.7952793819823 50.0
1580.431732258411 50.0
1579.636166162875 50.0
1578.681486848232 50.0
1578.522373629125 50.0
1578.0450339718034 50.0
1577.0903546571606 50.0
1576.9312414380536 50.0
1576.294788561625 50.0
1576.135675342518 50.0
1575.6583356851966 50.0
1575.9765621234108 50.0
1576.294788561625 50.0
1576.135675342518 50.0
1575.8174489043038 50.0
1575.578779075643 50.0
1574.9423261992147 50.0
1575.4196658565359 50.0
1575.578779075643 50.0
1575.578779075643 50.0
1575.2605526374289 50.0
1574.7832129801077 50.0
1574.3058733227863 50.0
1573.9876468845723 50.0
1573.5103072272511 50.0
1573.5898638368046 50.0
1573.1125241794834 50.0
1573.5898638368046 50.0
1573.7489770559116 50.0
1573.1125241794834 50.0
1572.316958083948 50.0
1571.839618426627 50.0
1571.5213919884131 50.0
1571.044052331092 50.0
1570.566712673771 50.0
1571.5213919884131 50.0
1571.044052331092 50.0
1570.248486235557 50.0
1569.452920140022 50.0
1568.816467263594 50.0
1568.816467263594 50.0
1568.816467263594 50.0
1569.1346937018081 50.0
1568.6573540444872 50.0
1568.3391276062732 50.0
1568.1800143871662 50.0
1568.3391276062732 50.0
1567.8617879489523 50.0
1567.304891682078 50.0
1567.304891682078 50.0
1567.145778462971 50.0
1567.4640049011848 50.0
1567.0662218534176 50.0
1567.0662218534176 50.0
1566.4297689769899 50.0
1566.0319859292224 50.0
1566.2706557578829 50.0
1565.9524293196691 50.0
1566.111542538776 50.0
1565.8728727101156 50.0
1565.3955330527947 50.0
1564.4408537381535 50.0
1564.5999669572602 50.0
1563.8044008617258 50.0
1563.2475045948518 50.0
1563.7248442521723 50.0
1564.0430706903862 50.0
1563.7248442521723 50.0
1563.7248442521723 50.0
1563.0883913757448 50.0
1563.2475045948518 50.0
1563.0883913757448 50.0
1563.0883913757448 50.0
1563.0883913757448 50.0
1562.770164937531 50.0
1562.2928252802105 50.0
1561.656372403783 50.0
1561.1790327464626 50.0
1560.144796822268 50.0
1560.6221364795886 50.0
1559.5083439458406 50.0
1560.7812496986953 50.0
1560.6221364795886 50.0
1560.3039100413748 50.0
1560.3039100413748 50.0
1560.4630232604818 50.0
1559.8265703840543 50.0
1559.03100428852 50.0
1559.03100428852 50.0
1558.8718910694133 50.0
1559.03100428852 50.0
1559.6674571649476 50.0
1559.3492307267338 50.0
1559.3492307267338 50.0
1559.8265703840543 50.0
1560.6221364795886 50.0
1560.4630232604818 50.0
1560.6221364795886 50.0
1559.6674571649476 50.0
1559.03100428852 50.0
1558.7127778503066 50.0
1559.03100428852 50.0
1559.190117507627 50.0
1558.5536646311998 50.0
1558.3945514120928 50.0
1558.7127778503066 50.0
1557.9172117547726 50.0
1558.235438192986 50.0
1558.5536646311998 50.0
1558.0763249738793 50.0
1557.5989853165588 50.0
1556.9625324401316 50.0
1557.1216456592383 50.0
1556.8034192210248 50.0
1556.644306001918 50.0
1556.4851927828113 50.0
1556.3260795637045 50.0
1556.3260795637045 50.0
1556.4851927828113 50.0
1556.4851927828113 50.0
1556.4851927828113 50.0
1555.8487399063843 50.0
1555.6896266872773 50.0
1555.0531738108502 50.0
1555.3714002490638 50.0
1555.5305134681705 50.0
1555.212287029957 50.0
1554.7349473726367 50.0
1555.5305134681705 50.0
1555.3714002490638 50.0
1555.6896266872773 50.0
1555.3714002490638 50.0
1555.5305134681705 50.0
1554.6553907630835 50.0
1554.1780511057632 50.0
1554.0189378866564 50.0
1554.6553907630835 50.0
1554.33716432487 50.0
1554.33716432487 50.0
1554.6553907630835 50.0
1554.4962775439767 50.0
1554.0189378866564 50.0
1554.6553907630835 50.0
1554.1780511057632 50.0
1553.3824850102294 50.0
1553.700711448443 50.0
1553.700711448443 50.0
1553.700711448443 50.0
1553.700711448443 50.0
1553.5415982293362 50.0
1553.2233717911226 50.0
1552.9051453529091 50.0
1553.064258572016 50.0
1553.064258572016 50.0
1552.4278056955889 50.0
1551.791352819162 50.0
1551.791352819162 50.0
1552.1095792573756 50.0
1550.9957867236285 50.0
1551.791352819162 50.0
1551.9504660382688 50.0
1551.4731263809485 50.0
1551.791352819162 50.0
1551.9504660382688 50.0
1551.4731263809485 50.0
1551.3140131618418 50.0
1550.7571168949685 50.0
1550.5980036758617 50.0
1549.961550799435 50.0
1549.3250979230081 50.0
1549.4046545325614 50.0
1549.086428094348 50.0
1548.2908619988145 50.0
1548.131748779708 50.0
1548.2908619988145 50.0
1548.2908619988145 50.0
1548.4499752179213 50.0
1548.2113053892613 50.0
1548.2113053892613 50.0
1547.654409122388 50.0
1547.893078951048 50.0
1547.5748525128347 50.0
1547.415739293728 50.0
1546.7792864173014 50.0
1547.4952959032812 50.0
1547.3361826841747 50.0
1547.3361826841747 50.0
1546.6201731981946 50.0
1546.461059979088 50.0
1545.983720321768 50.0
1546.1428335408748 50.0
1545.8246071026613 50.0
1546.3815033695346 50.0
1545.983720321768 50.0
1545.5063806644482 50.0
1544.8699277880216 50.0
1544.3925881307016 50.0
1543.9152484733818 50.0
1543.5970220351685 50.0
1543.437908816062 50.0
1542.9605691587421 50.0
1542.8014559396354 50.0
1543.1196823778487 50.0
1543.2787955969552 50.0
1542.6423427205289 50.0
1542.483229501422 50.0
1542.165003063209 50.0
1542.0058898441023 50.0
1541.8467766249958 50.0
1541.5285501867827 50.0
1540.8920973103561 50.0
1541.0512105294629 50.0
1540.0965312148232 50.0
1539.460078338397 50.0
1539.1418519001838 50.0
1539.1418519001838 50.0
1538.9827386810773 50.0
1538.903182071524 50.0
1539.0622952906306 50.0
1538.7440688524173 50.0
1538.5849556333108 50.0
1538.4258424142042 50.0
1538.2667291950977 50.0
1538.1076159759912 50.0
1538.2667291950977 50.0
1538.4258424142042 50.0
1538.346285804651 50.0
1538.028059366438 50.0
1538.028059366438 50.0
1537.550719709118 50.0
1537.550719709118 50.0
1537.232493270905 50.0
1537.1529366613518 50.0
1537.1529366613518 50.0
1536.8347102231387 50.0
1536.0391441276058 50.0
1536.0391441276058 50.0
1535.4026912511797 50.0
1535.5618044702862 50.0
1535.2435780320732 50.0
1534.7662383747536 50.0
1534.4480119365405 50.0
1534.4480119365405 50.0
1534.4480119365405 50.0
1534.1297854983275 50.0
1534.1297854983275 50.0
1533.4933326219013 50.0
1533.4933326219013 50.0
1533.8115590601144 50.0
1533.4933326219013 50.0
1533.1751061836883 50.0
1532.8568797454752 50.0
1532.8568797454752 50.0
1532.8568797454752 50.0
1532.6977665263687 50.0
1532.2204268690493 50.0
1532.6977665263687 50.0
1532.5386533072624 50.0
1532.2999834786026 50.0
1531.9817570403895 50.0
1532.2999834786026 50.0
1531.822643821283 50.0
1531.50441738307 50.0
1531.186190944857 50.0
1530.7088512875375 50.0
1530.7088512875375 50.0
1530.867964506644 50.0
1530.3906248493245 50.0
1530.231511630218 50.0
1529.4359455346855 50.0
1529.7541719728986 50.0
1528.4812662200468 50.0
1528.9586058773662 50.0
1528.640379439153 50.0
1528.4812662200468 50.0
1528.4812662200468 50.0
1528.3221530009403 50.0
1528.3221530009403 50.0
1528.3221530009403 50.0
1528.1630397818337 50.0
1528.0039265627272 50.0
1528.0039265627272 50.0
1527.3674736863013 50.0
1527.0492472480885 50.0
1526.7310208098756 50.0
1526.4127943716626 50.0
1526.5719075907691 50.0
1526.0945679334498 50.0
1525.6172282761304 50.0
1525.2990018379173 50.0
1525.4581150570239 50.0
1525.139888618811 50.0
1525.2990018379173 50.0
1524.8216621805982 50.0
1524.5034357423851 50.0
1524.5034357423851 50.0
1524.1852093041723 50.0
1523.707869646853 50.0
1523.5487564277466 50.0
1523.2305299895336 50.0
1522.7531903322144 50.0
1522.7531903322144 50.0
1522.594077113108 50.0
1522.4349638940014 50.0
1522.1167374557886 50.0
1522.275850674895 50.0
1522.275850674895 50.0
1521.7985110175757 50.0
1521.7985110175757 50.0
1521.480284579363 50.0
1520.8438317029372 50.0
1520.8438317029372 50.0
1520.5256052647244 50.0
1520.5256052647244 50.0
1520.2073788265116 50.0
1519.570925950086 50.0
1519.4118127309794 50.0
1519.570925950086 50.0
1519.1731429023198 50.0
1519.0140296832133 50.0
1519.0935862927665 50.0
1518.4571334163409 50.0
1518.93447307366 50.0
1518.93447307366 50.0
1518.6162466354472 50.0
1518.138906978128 50.0
1517.8206805399152 50.0
1517.9797937590217 50.0
1517.661567320809 50.0
1517.661567320809 50.0
1517.343340882596 50.0
1517.661567320809 50.0
1517.8206805399152 50.0
1517.661567320809 50.0
1517.661567320809 50.0
1517.5024541017024 50.0
1517.5024541017024 50.0
1517.1842276634895 50.0
1517.422897492149 50.0
1517.1046710539363 50.0
1516.94555783483 50.0
1516.3886615679576 50.0
1516.229548348851 50.0
1516.229548348851 50.0
1516.229548348851 50.0
1515.9113219106384 50.0
1515.752208691532 50.0
1515.5930954724256 50.0
1515.9113219106384 50.0
1515.433982253319 50.0
1515.1157558151062 50.0
1515.1157558151062 50.0
1514.956642596 50.0
1515.1157558151062 50.0
1514.956642596 50.0
1514.956642596 50.0
1515.1157558151062 50.0
1515.2748690342128 50.0
1515.752208691532 50.0
1515.5930954724256 50.0
1515.9908785201915 50.0
1515.9908785201915 50.0
1516.229548348851 50.0
1515.433982253319 50.0
1515.5930954724256 50.0
1515.5930954724256 50.0
1515.433982253319 50.0
1515.5930954724256 50.0
1515.433982253319 50.0
1515.2748690342128 50.0
1515.2748690342128 50.0
1515.1953124246595 50.0
1514.8770859864467 50.0
1514.5588595482338 50.0
1514.3201897195743 50.0
1514.3201897195743 50.0
1514.0019632813614 50.0
1514.0019632813614 50.0
1514.0019632813614 50.0
1514.0019632813614 50.0
1514.0019632813614 50.0
1513.8428500622551 50.0
1513.8428500622551 50.0
1513.6837368431488 50.0
1513.6837368431488 50.0
1514.161076500468 50.0
1514.0019632813614 50.0
1513.365510404936 50.0
1513.6837368431488 50.0
1513.365510404936 50.0
1513.6837368431488 50.0
1513.6837368431488 50.0
1513.8428500622551 50.0
1513.6837368431488 50.0
1513.6837368431488 50.0
1513.6837368431488 50.0
1513.365510404936 50.0
1513.2063971858295 50.0
1513.365510404936 50.0
1512.7290575285103 50.0
1512.4108310902975 50.0
1512.0926046520847 50.0
1512.0926046520847 50.0
1512.172161261638 50.0
1512.0130480425316 50.0
1512.0130480425316 50.0
1512.172161261638 50.0
1511.2174819469997 50.0
1510.8992555087868 50.0
1510.7401422896805 50.0
1511.376595166106 50.0
1511.2174819469997 50.0
1510.8992555087868 50.0
1510.581029070574 50.0
1510.4219158514677 50.0
1510.1036894132549 50.0
1510.1036894132549 50.0
1509.308123317723 50.0
1509.1490100986166 50.0
1508.9898968795103 50.0
1508.6716704412975 50.0
1508.6716704412975 50.0
1508.8307836604038 50.0
1508.6716704412975 50.0
1508.8307836604038 50.0
1508.9898968795103 50.0
1509.4672365368294 50.0
1509.4672365368294 50.0
1509.308123317723 50.0
1509.308123317723 50.0
1509.308123317723 50.0
1508.9898968795103 50.0
1508.8307836604038 50.0
1508.3534440030846 50.0
1508.1943307839783 50.0
1508.6716704412975 50.0
1508.3534440030846 50.0
1507.7169911266592 50.0
1507.23965146934 50.0
1507.557877907553 50.0
1507.557877907553 50.0
1507.23965146934 50.0
1507.0805382502338 50.0
1506.762311812021 50.0
1506.444085373808 50.0
1506.1258589355955 50.0
1505.8076324973827 50.0
1505.8076324973827 50.0
1505.966745716489 50.0
1505.8076324973827 50.0
1505.4894060591698 50.0
1505.0120664018507 50.0
1504.693839963638 50.0
1504.5347267445316 50.0
1504.3756135254253 50.0
1503.7391606489998 50.0
1503.5800474298933 50.0
1503.8982738681061 50.0
1503.8982738681061 50.0
1503.5800474298933 50.0
1503.5800474298933 50.0
1503.7391606489998 50.0
1503.6596040394465 50.0
1503.023151163021 50.0
1503.1822643821274 50.0
1503.3413776012337 50.0
1503.420934210787 50.0
1503.2618209916807 50.0
1502.9435945534678 50.0
1502.7049247248083 50.0
1502.7049247248083 50.0
1502.3866982865957 50.0
1502.3866982865957 50.0
1503.1822643821274 50.0
1503.023151163021 50.0
1503.1822643821274 50.0
1503.3413776012337 50.0
1503.3413776012337 50.0
1503.1822643821274 50.0
1503.3413776012337 50.0
1502.9435945534678 50.0
1502.9435945534678 50.0
1502.9435945534678 50.0
1502.9435945534678 50.0
1502.9435945534678 50.0
1502.6253681152552 50.0
1502.7844813343615 50.0
1502.6253681152552 50.0
1502.3071416770424 50.0
1502.148028457936 50.0
1501.5115755815104 50.0
1501.1933491432978 50.0
1501.0342359241913 50.0
1500.3977830477659 50.0
1500.3977830477659 50.0
1500.3977830477659 50.0
1500.3977830477659 50.0
1500.3182264382128 50.0
1500.1591132191063 50.0
1500.1591132191063 50.0
1500.0 50.0
1499.8408867808937 50.0
1499.8408867808937 50.0
1499.7613301713404 50.0
1499.7613301713404 50.0
1499.7613301713404 50.0
1499.7613301713404 50.0
1499.5226603426809 50.0
1499.3635471235746 50.0
1499.0453206853617 50.0
1499.0453206853617 50.0
1498.8066508567022 50.0
1498.8066508567022 50.0
1498.8066508567022 50.0
1498.4884244184896 50.0
1498.4884244184896 50.0
1498.329311199383 50.0
1498.1701979802767 50.0
1498.1701979802767 50.0
1498.1701979802767 50.0
1497.851971542064 50.0
1497.851971542064 50.0
1497.7724149325109 50.0
1497.6133017134043 50.0
1497.454188494298 50.0
1497.454188494298 50.0
1497.454188494298 50.0
1497.454188494298 50.0
1497.2950752751917 50.0
1497.454188494298 50.0
1497.454188494298 50.0
1497.454188494298 50.0
1497.1359620560852 50.0
1496.976848836979 50.0
1496.6586223987663 50.0
1496.4995091796598 50.0
1496.1812827414471 50.0
1496.1812827414471 50.0
1496.1812827414471 50.0
1496.1812827414471 50.0
1496.4995091796598 50.0
1496.4995091796598 50.0
1496.4995091796598 50.0
1496.3403959605535 50.0
1496.4995091796598 50.0
1496.4995091796598 50.0
1496.3403959605535 50.0
1496.3403959605535 50.0
1495.783499693681 50.0
1496.1017261318939 50.0
1496.1017261318939 50.0
1495.9426129127876 50.0
1495.9426129127876 50.0
1495.9426129127876 50.0
1495.9426129127876 50.0
1495.6243864745747 50.0
1495.6243864745747 50.0
1495.306160036362 50.0
1495.306160036362 50.0
1495.306160036362 50.0
1495.306160036362 50.0
1494.8288203790428 50.0
1494.1923675026173 50.0
1494.033254283511 50.0
1494.1923675026173 50.0
1494.1923675026173 50.0
1494.033254283511 50.0
1494.033254283511 50.0
1494.3514807217236 50.0
1494.3514807217236 50.0
1494.1923675026173 50.0
1494.3514807217236 50.0
1494.033254283511 50.0
1494.033254283511 50.0
1494.1923675026173 50.0
1494.1923675026173 50.0
1494.1923675026173 50.0
1494.1923675026173 50.0
1494.1923675026173 50.0
1494.5105939408302 50.0
1494.5105939408302 50.0
1494.1923675026173 50.0
1493.8741410644045 50.0
1493.8741410644045 50.0
1493.7150278452982 50.0
1493.237688187979 50.0
1493.0785749688728 50.0
1492.9194617497662 50.0
1492.9194617497662 50.0
1492.76034853066 50.0
1492.6012353115536 50.0
1492.2830088733408 50.0
1492.2830088733408 50.0
1492.2034522637875 50.0
1492.0443390446812 50.0
1492.0443390446812 50.0
1491.7261126064684 50.0
1491.566999387362 50.0
1491.2487729491493 50.0
1490.9305465109367 50.0
1491.089659730043 50.0
1490.7714332918301 50.0
1490.7714332918301 50.0
1490.294093634511 50.0
1490.294093634511 50.0
1490.294093634511 50.0
1490.1349804154047 50.0
1489.9758671962982 50.0
1489.6576407580856 50.0
1489.6576407580856 50.0
1489.6576407580856 50.0
1489.6576407580856 50.0
1489.3394143198727 50.0
1489.1803011007664 50.0
1488.8620746625536 50.0
1489.02118788166 50.0
1489.02118788166 50.0
1488.3847350052345 50.0
1488.0665085670216 50.0
1487.9073953479153 50.0
1487.1118292523834 50.0
1486.7936028141705 50.0
1486.3162631568512 50.0
1485.6798102804257 50.0
1485.2024706231064 50.0
1484.8842441848938 50.0
1484.4069045275744 50.0
1484.0886780893616 50.0
1483.9295648702553 50.0
1483.9295648702553 50.0
1483.6113384320424 50.0
1483.4522252129361 50.0
1483.1339987747233 50.0
1482.656659117404 50.0
1482.0202062409783 50.0
1481.7019798027657 50.0
1481.2246401454463 50.0
1480.429074049914 50.0
1480.1108476117013 50.0
1479.3152815161693 50.0
1478.9970550779565 50.0
1478.519715420637 50.0
1478.2014889824243 50.0
1478.0423757633178 50.0
1477.8832625442114 50.0
1477.405922886892 50.0
1477.405922886892 50.0
1476.9285832295727 50.0
1476.61035679136 50.0
1476.61035679136 50.0
1476.292130353147 50.0
1475.8147906958277 50.0
1475.8147906958277 50.0
1475.3374510385083 50.0
1474.5418849429761 50.0
1473.7463188474437 50.0
1472.9507527519115 50.0
1472.3142998754856 50.0
1472.155186656379 50.0
1471.5187337799532 50.0
1471.2005073417404 50.0
1470.802724293974 50.0
1470.3253846366547 50.0
1470.0071581984419 50.0
1470.0071581984419 50.0
1470.0071581984419 50.0
1469.8480449793353 50.0
1469.5298185411223 50.0
1469.0524788838027 50.0
1469.2115921029092 50.0
1469.0524788838027 50.0
1468.5751392264833 50.0
1467.9386863500572 50.0
1467.4613466927376 50.0
1466.9840070354182 50.0
1466.6657805972052 50.0
1466.029327720779 50.0
1465.3133182347997 50.0
1464.6768653583736 50.0
1464.3586389201605 50.0
1463.5630728246276 50.0
1463.403959605521 50.0
1463.403959605521 50.0
1463.2448463864146 50.0
1462.767506729095 50.0
1462.767506729095 50.0
1462.767506729095 50.0
1462.449280290882 50.0
1462.449280290882 50.0
1461.4946009762425 50.0
1460.8581480998162 50.0
1460.6990348807096 50.0
1459.9034687851768 50.0
1459.2670159087504 50.0
1459.2670159087504 50.0
1458.630563032324 50.0
1458.4714498132173 50.0
1457.9941101558977 50.0
1457.516770498578 50.0
1456.8803176221513 50.0
1456.7212044030448 50.0
1456.243864745725 50.0
1456.0847515266182 50.0
1455.6074118692984 50.0
1455.2891854310851 50.0
1455.1300722119784 50.0
1454.7322891642118 50.0
1454.5731759451053 50.0
1454.0958362877852 50.0
1453.9367230686787 50.0
1453.4593834113587 50.0
1452.9820437540386 50.0
1452.345590877612 50.0
1452.1864776585053 50.0
1451.7091380011855 50.0
1451.5500247820787 50.0
1451.2317983438652 50.0
1450.9931285152052 50.0
1450.8340152960986 50.0
1450.3566756387786 50.0
1449.561109543245 50.0
1449.7202227623518 50.0
1449.561109543245 50.0
1449.4019963241383 50.0
1449.083769885925 50.0
1448.447317009498 50.0
1448.2882037903914 50.0
1448.1290905712847 50.0
1447.8108641330712 50.0
1447.6517509139644 50.0
1447.333524475751 50.0
1447.0152980375376 50.0
1446.935741427984 50.0
1447.0948546470909 50.0
1446.7766282088774 50.0
1446.299288551557 50.0
1446.2197319420038 50.0
1445.9015055037903 50.0
1445.5832790655768 50.0
1445.2650526273633 50.0
1444.9468261891498 50.0
1444.787712970043 50.0
1444.6285997509362 50.0
1444.4694865318295 50.0
1443.992146874509 50.0
1443.8330336554022 50.0
1443.9125902649557 50.0
1443.5943638267422 50.0
1443.4352506076352 50.0
1443.1170241694217 50.0
1443.1170241694217 50.0
1443.1170241694217 50.0
1442.957910950315 50.0
1442.957910950315 50.0
1442.957910950315 50.0
1442.7987977312082 50.0
1442.7987977312082 50.0
1442.7987977312082 50.0
1442.7987977312082 50.0
1442.6396845121014 50.0
1442.4805712929945 50.0
1442.4805712929945 50.0
1442.4805712929945 50.0
1442.4805712929945 50.0
1442.4805712929945 50.0
1442.4805712929945 50.0
1442.2419014643344 50.0
1442.2419014643344 50.0
1442.2419014643344 50.0
