GAOA
1515.5135388628723 50.0
1621.8011692264124 50.0
1628.1656979907475 50.0
1616.391319776734 50.0
1600.957337523269 50.0
1606.8445266302558 50.0
1608.4356588213345 50.0
1604.457828343639 50.0
1608.9129984786582 50.0
1611.299696765277 50.0
1598.5706392366544 50.0
1606.3671869729324 50.0
1599.2070921130849 50.0
1589.3420725284193 50.0
1595.0701484162878 50.0
1592.0469972532455 50.0
1581.3864115730544 50.0
1576.4539017807322 50.0
1569.9302597973428 50.0
1569.452920140022 50.0
1565.4750896623482 50.0
1556.246522954151 50.0
1562.770164937531 50.0
1556.8829758305783 50.0
1550.8366735045217 50.0
1554.0189378866564 50.0
1551.1548999427353 50.0
1547.8135223414947 50.0
1549.086428094348 50.0
1540.8125407008029 50.0
1539.0622952906306 50.0
1539.3805217288436 50.0
1537.4711630995648 50.0
1535.8800309084993 50.0
1538.903182071524 50.0
1536.8347102231387 50.0
1534.607125155647 50.0
1535.5618044702862 50.0
1536.6755970040322 50.0
1533.3342194027948 50.0
1530.6292946779843 50.0
1527.7652567340676 50.0
1525.0603320092578 50.0
1528.5608228295998 50.0
1523.4691998181934 50.0
1519.8095957787455 50.0
1521.2416147507033 50.0
1518.5366900258941 50.0
1517.2637842730428 50.0
1516.6273313966171 50.0
1512.649500918957 50.0
1513.445067014489 50.0
1510.7401422896805 50.0
1511.853934823425 50.0
1506.9214250311272 50.0
1502.7844813343615 50.0
1500.875122705085 50.0
1496.8972922274256 50.0
1493.8741410644045 50.0
1493.237688187979 50.0
1492.76034853066 50.0
1488.4642916147875 50.0
1489.1007444912132 50.0
1487.5096123001492 50.0
1484.1682346989148 50.0
1485.2820272326596 50.0
1481.7815364123187 50.0
1481.6224231932124 50.0
1481.145083535893 50.0
1476.6899134009132 50.0
1474.3032151143163 50.0
1472.0756300468258 50.0
1472.2347432659324 50.0
1470.6436110748677 50.0
1469.3707053220157 50.0
1466.3475541589921 50.0
1464.7564219679268 50.0
1463.9608558723942 50.0
1462.8470633386482 50.0
1461.4150443666892 50.0
1459.98302539473 50.0
1458.391893203664 50.0
1457.7554403272377 50.0
1456.800761012598 50.0
1454.5731759451053 50.0
1453.9367230686787 50.0
1455.050515602425 50.0
1453.9367230686787 50.0
1454.7322891642118 50.0
1455.8460816979582 50.0
1458.073666765451 50.0
1458.5510064227708 50.0
1457.5963271081312 50.0
1457.9145535463442 50.0
1457.7554403272377 50.0
1459.0283460800906 50.0
1458.073666765451 50.0
1461.096817928476 50.0
1459.8239121756235 50.0
1457.5963271081312 50.0
1457.4372138890244 50.0
1455.8460816979582 50.0
1456.005194917065 50.0
1456.800761012598 50.0
1456.3234213552782 50.0
1456.4825345743848 50.0
1457.4372138890244 50.0
1457.2781006699179 50.0
1456.1643081361715 50.0
1457.1189874508113 50.0
1456.1643081361715 50.0
1456.3234213552782 50.0
1456.3234213552782 50.0
1454.8914023833186 50.0
1454.8914023833186 50.0
1453.777609849572 50.0
1453.300270192252 50.0
1453.777609849572 50.0
1453.300270192252 50.0
1452.345590877612 50.0
1451.5500247820787 50.0
1448.5268736190515 50.0
1447.4130810853044 50.0
1448.0495339617312 50.0
1448.3677603999447 50.0
1448.5268736190515 50.0
1447.5721943044111 50.0
1446.4584017706638 50.0
1446.935741427984 50.0
1446.1401753324503 50.0
1445.3446092369165 50.0
1444.389929922276 50.0
1444.7081563604895 50.0
1442.7987977312082 50.0
1440.5712126637127 50.0
1441.0485523210332 50.0
1438.6618540344307 50.0
1438.5027408153237 50.0
1437.5480615006827 50.0
1438.1845143771102 50.0
1437.8662879388964 50.0
1437.8662879388964 50.0
1436.9116086242552 50.0
1436.1160425287208 50.0
1434.6840235567586 50.0
1435.3204764331863 50.0
1434.3657971185448 50.0
1435.0022499949725 50.0
1434.6840235567586 50.0
1434.3657971185448 50.0
1434.2066838994378 50.0
1433.2520045847964 50.0
1432.1382120510477 50.0
1431.9790988319407 50.0
1431.8199856128338 50.0
1431.3426459555128 50.0
1432.1382120510477 50.0
1432.4564384892617 50.0
1433.5702310230101 50.0
1434.3657971185448 50.0
1434.2066838994378 50.0
1435.4795896522933 50.0
1436.1160425287208 50.0
1435.4795896522933 50.0
1435.3204764331863 50.0
1436.1160425287208 50.0
1436.5933821860415 50.0
1436.9116086242552 50.0
1438.0254011580032 50.0
1437.229835062469 50.0
1436.5933821860415 50.0
1437.070721843362 50.0
1436.2751557478277 50.0
1436.2751557478277 50.0
1437.070721843362 50.0
1437.8662879388964 50.0
1438.0254011580032 50.0
1438.6618540344307 50.0
1439.298306910858 50.0
1439.7756465681787 50.0
1440.0938730063922 50.0
1440.0938730063922 50.0
1439.7756465681787 50.0
1440.0938730063922 50.0
1439.298306910858 50.0
1439.6165333490717 50.0
1439.1391936917512 50.0
1439.6165333490717 50.0
1438.9800804726442 50.0
1438.343627596217 50.0
1437.3889482815757 50.0
1436.7524954051482 50.0
1437.3889482815757 50.0
1437.3889482815757 50.0
1437.3889482815757 50.0
1438.6618540344307 50.0
1438.6618540344307 50.0
1438.6618540344307 50.0
1438.8209672535374 50.0
1438.9800804726442 50.0
1438.9800804726442 50.0
1438.5027408153237 50.0
1439.1391936917512 50.0
1438.6618540344307 50.0
1440.0938730063922 50.0
1440.2529862254992 50.0
1440.5712126637127 50.0
1441.366778759247 50.0
1440.8894391019264 50.0
1440.8894391019264 50.0
1440.412099444606 50.0
1440.0938730063922 50.0
1440.2529862254992 50.0
1439.457420129965 50.0
1439.9347597872854 50.0
1439.9347597872854 50.0
1439.457420129965 50.0
1439.1391936917512 50.0
1438.0254011580032 50.0
1438.0254011580032 50.0
1438.0254011580032 50.0
1437.8662879388964 50.0
1437.070721843362 50.0
1437.7071747197895 50.0
1437.3889482815757 50.0
1436.2751557478277 50.0
1436.2751557478277 50.0
1435.3204764331863 50.0
1435.0022499949725 50.0
1434.8431367758656 50.0
1434.3657971185448 50.0
1433.5702310230101 50.0
1433.7293442421171 50.0
1432.1382120510477 50.0
1431.024419517299 50.0
1432.2973252701547 50.0
1431.8199856128338 50.0
1431.024419517299 50.0
1430.547079859978 50.0
1430.547079859978 50.0
1430.8653062981919 50.0
1429.433287326229 50.0
1429.592400545336 50.0
1428.796834449801 50.0
1426.8874758205166 50.0
1426.2510229440884 50.0
1425.1372304103388 50.0
1425.61457006766 50.0
1426.8874758205166 50.0
1426.2510229440884 50.0
1425.61457006766 50.0
1424.8190039721246 50.0
1425.1372304103388 50.0
1424.0234378765892 50.0
1423.3869850001608 50.0
1423.3869850001608 50.0
1422.9096453428394 50.0
1422.591418904625 50.0
1421.7958528090894 50.0
1420.8411734944464 50.0
1420.363833837125 50.0
1419.8864941798033 50.0
1417.6589091123024 50.0
1417.8180223314096 50.0
1417.4997958931951 50.0
1416.863343016766 50.0
1416.5451165785516 50.0
1416.2268901403372 50.0
1417.1815694549807 50.0
1416.5451165785516 50.0
1415.7495504830154 50.0
1416.0677769212298 50.0
1415.9086637021226 50.0
1415.1130976065863 50.0
1414.1584182919423 50.0
1413.8401918537277 50.0
1414.1584182919423 50.0
1413.3628521964058 50.0
1413.8401918537277 50.0
1413.8401918537277 50.0
1413.3628521964058 50.0
1412.8855125390837 50.0
1412.2490596626544 50.0
1411.7717200053323 50.0
1411.612606786225 50.0
1410.6579274715807 50.0
1410.3397010333658 50.0
1409.7032481569363 50.0
1410.1805878142584 50.0
1410.6579274715807 50.0
1411.1352671289028 50.0
1410.1805878142584 50.0
1409.3850217187214 50.0
1409.0667952805065 50.0
1409.3850217187214 50.0
1409.0667952805065 50.0
1407.9530027467545 50.0
1408.4303424040768 50.0
1408.4303424040768 50.0
1408.4303424040768 50.0
1408.5894556231842 50.0
1407.4756630894321 50.0
1406.8392102130022 50.0
1406.3618705556798 50.0
1406.2027573365722 50.0
1405.8845308983573 50.0
1405.8845308983573 50.0
1405.7254176792499 50.0
1405.7254176792499 50.0
1405.8845308983573 50.0
1406.2027573365722 50.0
1406.2027573365722 50.0
1406.0436441174647 50.0
1406.3618705556798 50.0
1406.2027573365722 50.0
1405.7254176792499 50.0
1405.0889648028196 50.0
1405.4071912410348 50.0
1405.5663044601422 50.0
1405.7254176792499 50.0
1405.248078021927 50.0
1405.0889648028196 50.0
1405.5663044601422 50.0
1405.0889648028196 50.0
1404.4525119263897 50.0
1403.6569458308518 50.0
1403.0204929544216 50.0
1402.861379735314 50.0
1403.1796061735292 50.0
1403.0204929544216 50.0
1403.1796061735292 50.0
1403.1796061735292 50.0
1403.1796061735292 50.0
1402.861379735314 50.0
1401.270247544238 50.0
1400.7929078869151 50.0
1400.4746814486998 50.0
1399.520002134054 50.0
1399.042662476731 50.0
1398.565322819408 50.0
1398.8835492576234 50.0
1398.565322819408 50.0
1399.042662476731 50.0
1399.042662476731 50.0
1398.565322819408 50.0
1398.0879831620848 50.0
1398.0879831620848 50.0
1398.7244360385157 50.0
1398.0879831620848 50.0
1397.9288699429771 50.0
1398.7244360385157 50.0
1398.8835492576234 50.0
1398.4062096003001 50.0
1397.9288699429771 50.0
1397.9288699429771 50.0
1397.2924170665462 50.0
1397.6106435047618 50.0
1396.815077409223 50.0
1396.6559641901154 50.0
1396.3377377518998 50.0
1395.701284875469 50.0
1395.701284875469 50.0
1395.8603980945766 50.0
1395.8603980945766 50.0
1395.2239452181454 50.0
1395.2239452181454 50.0
1395.3830584372533 50.0
1394.9057187799299 50.0
1394.5874923417143 50.0
1394.7466055608222 50.0
1394.2692659034988 50.0
1394.4283791226067 50.0
1394.4283791226067 50.0
1393.9510394652832 50.0
1393.7919262461753 50.0
1393.3145865888519 50.0
1393.3145865888519 50.0
1393.1554733697442 50.0
1393.1554733697442 50.0
1392.9963601506363 50.0
1392.0416808359892 50.0
1392.200794055097 50.0
1392.200794055097 50.0
1392.200794055097 50.0
1392.5190204933126 50.0
1392.200794055097 50.0
1392.359907274205 50.0
1392.200794055097 50.0
1391.5643411786655 50.0
1390.927888302234 50.0
1390.927888302234 50.0
1391.0870015213418 50.0
1390.927888302234 50.0
1390.2914354258023 50.0
1389.6549825493707 50.0
1389.3367561111547 50.0
1388.541190015615 50.0
1388.2229635773992 50.0
1387.4273974818593 50.0
1387.4273974818593 50.0
1386.9500578245352 50.0
1386.4727181672113 50.0
1386.6318313863192 50.0
1386.6318313863192 50.0
1386.7909446054273 50.0
1387.2682842627512 50.0
1386.4727181672113 50.0
1386.6318313863192 50.0
1386.6318313863192 50.0
1386.4727181672113 50.0
1385.9953785098871 50.0
1385.518038852563 50.0
1385.3589256334549 50.0
1384.8815859761307 50.0
1384.8815859761307 50.0
1384.2451330996985 50.0
1384.2451330996985 50.0
1384.0860198805904 50.0
1383.2904537850497 50.0
1382.8131141277254 50.0
1382.6540009086173 50.0
1382.176661251293 50.0
1382.0175480321848 50.0
1381.221981936644 50.0
1380.4264158411029 50.0
1380.1081894028866 50.0
1380.5855290602112 50.0
1380.1081894028866 50.0
1380.2673026219948 50.0
1380.2673026219948 50.0
1380.1081894028866 50.0
1379.9490761837783 50.0
1379.1535100882372 50.0
1378.8352836500208 50.0
1378.6761704309124 50.0
1378.517057211804 50.0
1378.0397175544792 50.0
1378.357943992696 50.0
1378.1988307735876 50.0
1377.8806043353711 50.0
1377.244151458938 50.0
1376.766811801613 50.0
1376.2894721442879 50.0
1376.2894721442879 50.0
1375.9712457060712 50.0
1375.812132486963 50.0
1375.812132486963 50.0
1375.812132486963 50.0
1375.812132486963 50.0
1376.2894721442879 50.0
1376.2894721442879 50.0
1376.766811801613 50.0
1375.9712457060712 50.0
1375.493906048746 50.0
1375.9712457060712 50.0
1375.493906048746 50.0
1375.1756796105294 50.0
1375.493906048746 50.0
1375.1756796105294 50.0
1374.0618870767707 50.0
1373.9027738576624 50.0
1372.9480945430118 50.0
1372.629868104795 50.0
1371.8343020092525 50.0
1371.1978491328186 50.0
1371.1978491328186 50.0
1371.3569623519272 50.0
1371.5160755710356 50.0
1371.03873591371 50.0
1371.03873591371 50.0
1370.5613962563846 50.0
1370.2431698181676 50.0
1369.765830160842 50.0
1369.6067169417333 50.0
1369.1293772844076 50.0
1368.970264065299 50.0
1368.4929244079735 50.0
1366.7426789977785 50.0
1365.7879996831266 50.0
1364.8333203684745 50.0
1364.515093930257 50.0
1363.4013013964957 50.0
1363.242188177387 50.0
1362.446622081843 50.0
1361.4919427671903 50.0
1359.7416973569927 50.0
1359.105244480557 50.0
1358.6279048232302 50.0
1357.3549990703586 50.0
1356.2412065365957 50.0
1355.7638668792686 50.0
1354.9683007837232 50.0
1354.9683007837232 50.0
1353.6953950308505 50.0
1351.9451496206498 50.0
1351.1495835251037 50.0
1350.6722438677762 50.0
1349.7175645531206 50.0
1349.2402248957928 50.0
1348.444658800246 50.0
1347.6490927046996 50.0
1346.6944133900433 50.0
1346.6944133900433 50.0
1346.6944133900433 50.0
1346.6944133900433 50.0
1346.5353001709339 50.0
1345.7397340753869 50.0
1344.3077151034017 50.0
1343.9894886651828 50.0
1343.3530357887448 50.0
1342.8756961314161 50.0
1341.44367715943 50.0
1340.9663375021012 50.0
1340.4889978447723 50.0
1340.0116581874433 50.0
1339.8525449683336 50.0
1339.5343185301144 50.0
1338.4205259963464 50.0
1337.3067334625782 50.0
1336.8293938052489 50.0
1335.87471449059 50.0
1335.0791483950409 50.0
1334.601808737711 50.0
1334.1244690803815 50.0
1334.1244690803815 50.0
1333.328902984832 50.0
1332.2151104510622 50.0
1332.3742236701721 50.0
1331.896884012842 50.0
1331.896884012842 50.0
1331.1013179172921 50.0
1330.1466386026318 50.0
1329.6692989453015 50.0
1329.032846068861 50.0
1328.7146196306408 50.0
1328.5555064115306 50.0
1327.7599403159797 50.0
1327.2826006586492 50.0
1327.123487439539 50.0
1326.8052610013185 50.0
1326.3279213439878 50.0
1326.3279213439878 50.0
1326.1688081248776 50.0
1325.850581686657 50.0
1325.3732420293263 50.0
1325.0550155911055 50.0
1324.736789152885 50.0
1324.4185627146644 50.0
1323.9412230573334 50.0
1323.782109838223 50.0
1323.1456569617815 50.0
1322.6683173044503 50.0
1322.3500908662295 50.0
1322.190977647119 50.0
1321.7136379897877 50.0
1321.3954115515667 50.0
1320.7589586751249 50.0
1320.4407322369038 50.0
1320.4407322369038 50.0
1320.5998454560142 50.0
1319.6451661413512 50.0
1319.1678264840195 50.0
1317.8949207311346 50.0
1317.5766942929133 50.0
1317.258467854692 50.0
1317.5766942929133 50.0
1316.9402414164708 50.0
1316.6220149782494 50.0
1316.4629017591387 50.0
1316.1446753209173 50.0
1315.8264488826958 50.0
1315.6673356635852 50.0
1315.5082224444743 50.0
1315.3491092253637 50.0
1315.5082224444743 50.0
1315.1899960062528 50.0
1315.0308827871422 50.0
1314.2353166915882 50.0
1314.7126563489205 50.0
1314.0762034724773 50.0
1314.0762034724773 50.0
1314.2353166915882 50.0
1313.7579770342556 50.0
1313.439750596034 50.0
1312.9624109387014 50.0
1312.4850712813688 50.0
1312.166844843147 50.0
1312.325958062258 50.0
1311.8486184049252 50.0
1311.0530523093705 50.0
1310.7348258711486 50.0
1310.5757126520375 50.0
1309.6210333373715 50.0
1309.3028068991496 50.0
1308.8254672418163 50.0
1308.9845804609274 50.0
1308.9845804609274 50.0
1308.189014365372 50.0
1307.8707879271499 50.0
1307.5525614889275 50.0
1307.8707879271499 50.0
1307.7116747080386 50.0
1308.029901146261 50.0
1307.7116747080386 50.0
1307.5525614889275 50.0
1307.7116747080386 50.0
1307.3934482698164 50.0
1306.916108612483 50.0
1307.075221831594 50.0
1306.916108612483 50.0
1306.916108612483 50.0
1306.4387689551495 50.0
1307.075221831594 50.0
1306.2796557360382 50.0
1305.8023160787045 50.0
1305.8023160787045 50.0
1305.4840896404821 50.0
1305.3249764213708 50.0
1305.3249764213708 50.0
1305.1658632022595 50.0
1304.8476367640371 50.0
1304.2111838875921 50.0
1304.0520706684806 50.0
1304.0520706684806 50.0
1303.8929574493695 50.0
1303.4156177920354 50.0
1303.4156177920354 50.0
1303.256504572924 50.0
1303.0973913538128 50.0
1303.256504572924 50.0
1303.4156177920354 50.0
1303.256504572924 50.0
1303.0973913538128 50.0
1303.0973913538128 50.0
1302.77916491559 50.0
1302.6200516964786 50.0
1302.6200516964786 50.0
1302.3018252582558 50.0
1302.4609384773673 50.0
1302.4609384773673 50.0
1302.9382781347012 50.0
1302.6200516964786 50.0
1302.6200516964786 50.0
1301.9835988200332 50.0
1302.3018252582558 50.0
1301.9835988200332 50.0
1301.8244856009217 50.0
1301.5062591626988 50.0
1301.5062591626988 50.0
1300.8698062862532 50.0
1300.7106930671414 50.0
1300.55157984803 50.0
1299.9151269715842 50.0
1299.2786740951378 50.0
1299.596900533361 50.0
1299.4377873142494 50.0
1299.4377873142494 50.0
1299.596900533361 50.0
1299.7560137524724 50.0
1299.596900533361 50.0
1299.2786740951378 50.0
1299.4377873142494 50.0
1299.1195608760263 50.0
1299.596900533361 50.0
1299.4377873142494 50.0
1299.596900533361 50.0
1299.2786740951378 50.0
1298.9604476569148 50.0
1298.8013344378032 50.0
1298.4831079995802 50.0
1298.1648815613569 50.0
1298.1648815613569 50.0
1298.8013344378032 50.0
1298.9604476569148 50.0
1298.6422212186917 50.0
1298.3239947804684 50.0
1297.687541904022 50.0
1297.8466551231336 50.0
1298.1648815613569 50.0
1298.1648815613569 50.0
1298.8013344378032 50.0
1298.8013344378032 50.0
1298.8013344378032 50.0
1298.8013344378032 50.0
1299.2786740951378 50.0
1299.2786740951378 50.0
1299.4377873142494 50.0
1299.4377873142494 50.0
1299.2786740951378 50.0
1299.2786740951378 50.0
1299.2786740951378 50.0
1298.9604476569148 50.0
1298.8013344378032 50.0
1298.9604476569148 50.0
1299.2786740951378 50.0
1299.1195608760263 50.0
1298.9604476569148 50.0
1298.8013344378032 50.0
1298.4831079995802 50.0
1298.4831079995802 50.0
1298.6422212186917 50.0
1298.8013344378032 50.0
1298.8013344378032 50.0
1298.6422212186917 50.0
1298.3239947804684 50.0
1298.8013344378032 50.0
1299.1195608760263 50.0
1299.2786740951378 50.0
1299.1195608760263 50.0
1299.4377873142494 50.0
1299.4377873142494 50.0
1299.596900533361 50.0
1299.7560137524724 50.0
1299.7560137524724 50.0
1299.596900533361 50.0
1299.596900533361 50.0
1299.596900533361 50.0
1299.4377873142494 50.0
1299.596900533361 50.0
1299.4377873142494 50.0
1299.2786740951378 50.0
1299.1195608760263 50.0
1299.1195608760263 50.0
1299.1195608760263 50.0
1299.2786740951378 50.0
1299.1195608760263 50.0
1299.4377873142494 50.0
1299.1195608760263 50.0
1299.596900533361 50.0
1299.2786740951378 50.0
1299.4377873142494 50.0
1299.2786740951378 50.0
1299.596900533361 50.0
1299.4377873142494 50.0
1299.4377873142494 50.0
1299.4377873142494 50.0
1299.596900533361 50.0
1299.596900533361 50.0
1299.2786740951378 50.0
1299.2786740951378 50.0
1299.4377873142494 50.0
1299.4377873142494 50.0
1299.596900533361 50.0
1299.7560137524724 50.0
1299.9151269715842 50.0
1300.0742401906955 50.0
1299.9151269715842 50.0
1299.9151269715842 50.0
1299.7560137524724 50.0
1299.7560137524724 50.0
1299.596900533361 50.0
1299.9151269715842 50.0
1299.9151269715842 50.0
1299.9151269715842 50.0
1300.3924666289186 50.0
1300.55157984803 50.0
1300.55157984803 50.0
1300.55157984803 50.0
1300.3924666289186 50.0
1300.55157984803 50.0
1300.7106930671414 50.0
1300.8698062862532 50.0
1300.7106930671414 50.0
1300.55157984803 50.0
1300.3924666289186 50.0
1300.3924666289186 50.0
1300.3924666289186 50.0
1300.3924666289186 50.0
1300.55157984803 50.0
1300.3924666289186 50.0
1300.3924666289186 50.0
1300.233353409807 50.0
1300.233353409807 50.0
1300.3924666289186 50.0
1300.3924666289186 50.0
1300.233353409807 50.0
1300.233353409807 50.0
1300.3924666289186 50.0
1300.3924666289186 50.0
1300.3924666289186 50.0
1300.55157984803 50.0
1300.55157984803 50.0
1300.55157984803 50.0
1300.55157984803 50.0
1300.7106930671414 50.0
1300.7106930671414 50.0
1300.55157984803 50.0
1300.55157984803 50.0
1300.55157984803 50.0
1300.55157984803 50.0
1300.55157984803 50.0
1300.55157984803 50.0
1300.55157984803 50.0
1300.55157984803 50.0
1300.7106930671414 50.0
1300.55157984803 50.0
1300.55157984803 50.0
1300.7106930671414 50.0
1301.0289195053645 50.0
1301.188032724476 50.0
1301.188032724476 50.0
1301.3471459435873 50.0
1301.3471459435873 50.0
1301.3471459435873 50.0
1301.5062591626988 50.0
1301.8244856009217 50.0
1301.6653723818104 50.0
1301.8244856009217 50.0
1301.8244856009217 50.0
1301.9835988200332 50.0
1301.9835988200332 50.0
1302.1427120391445 50.0
1302.3018252582558 50.0
1302.3018252582558 50.0
1302.3018252582558 50.0
1302.3018252582558 50.0
1302.4609384773673 50.0
1302.4609384773673 50.0
1302.6200516964786 50.0
1302.4609384773673 50.0
1302.4609384773673 50.0
1302.4609384773673 50.0
1302.4609384773673 50.0
1302.6200516964786 50.0
1303.0973913538128 50.0
1303.0973913538128 50.0
1303.256504572924 50.0
1303.256504572924 50.0
1303.256504572924 50.0
1303.256504572924 50.0
1303.256504572924 50.0
1303.0973913538128 50.0
1303.0973913538128 50.0
1303.256504572924 50.0
1303.4156177920354 50.0
1303.5747310111467 50.0
1303.7338442302582 50.0
1303.7338442302582 50.0
1303.7338442302582 50.0
1303.7338442302582 50.0
1303.7338442302582 50.0
1303.7338442302582 50.0
1303.7338442302582 50.0
1303.7338442302582 50.0
1303.8929574493695 50.0
1303.7338442302582 50.0
1303.4156177920354 50.0
1303.5747310111467 50.0
1303.5747310111467 50.0
1303.5747310111467 50.0
1303.5747310111467 50.0
1303.5747310111467 50.0
1303.5747310111467 50.0
1303.0973913538128 50.0
1302.77916491559 50.0
1302.3018252582558 50.0
1302.3018252582558 50.0
1301.0289195053645 50.0
1300.8698062862532 50.0
1300.55157984803 50.0
1300.233353409807 50.0
1300.233353409807 50.0
1299.596900533361 50.0
1299.596900533361 50.0
1299.4377873142494 50.0
1298.8013344378032 50.0
1298.4831079995802 50.0
1298.0057683422451 50.0
1297.687541904022 50.0
1297.5284286849103 50.0
1297.3693154657988 50.0
1297.210202246687 50.0
1296.8919758084637 50.0
1296.8919758084637 50.0
1296.732862589352 50.0
1296.8919758084637 50.0
1297.0510890275755 50.0
1297.0510890275755 50.0
1296.8919758084637 50.0
1296.8919758084637 50.0
1296.8919758084637 50.0
1297.0510890275755 50.0
1297.0510890275755 50.0
1296.732862589352 50.0
1296.732862589352 50.0
1296.8919758084637 50.0
1296.8919758084637 50.0
1297.0510890275755 50.0
1297.0510890275755 50.0
1296.732862589352 50.0
1296.732862589352 50.0
1296.732862589352 50.0
1296.732862589352 50.0
1297.0510890275755 50.0
1296.732862589352 50.0
1296.732862589352 50.0
1296.8919758084637 50.0
1297.210202246687 50.0
1297.0510890275755 50.0
1297.0510890275755 50.0
1296.8919758084637 50.0
1296.8919758084637 50.0
1296.732862589352 50.0
1297.0510890275755 50.0
1297.0510890275755 50.0
1297.0510890275755 50.0
1297.210202246687 50.0
1297.3693154657988 50.0
1297.210202246687 50.0
1297.3693154657988 50.0
1297.210202246687 50.0
1297.210202246687 50.0
1297.210202246687 50.0
1297.210202246687 50.0
1297.3693154657988 50.0
1297.210202246687 50.0
1297.210202246687 50.0
1297.210202246687 50.0
1297.5284286849103 50.0
1297.5284286849103 50.0
1297.687541904022 50.0
1298.0057683422451 50.0
1298.0057683422451 50.0
1297.8466551231336 50.0
1297.8466551231336 50.0
1297.8466551231336 50.0
1297.8466551231336 50.0
1298.1648815613569 50.0
1298.3239947804684 50.0
1298.3239947804684 50.0
1298.6422212186917 50.0
1298.8013344378032 50.0
1298.9604476569148 50.0
1298.9604476569148 50.0
1298.9604476569148 50.0
1298.8013344378032 50.0
1298.9604476569148 50.0
1298.8013344378032 50.0
1299.1195608760263 50.0
1299.4377873142494 50.0
1299.4377873142494 50.0
1299.596900533361 50.0
1299.596900533361 50.0
1299.596900533361 50.0
1299.7560137524724 50.0
1299.7560137524724 50.0
1299.596900533361 50.0
1299.596900533361 50.0
1299.7560137524724 50.0
1299.7560137524724 50.0
1299.9151269715842 50.0
1300.233353409807 50.0
1300.233353409807 50.0
1300.0742401906955 50.0
1300.0742401906955 50.0
1300.0742401906955 50.0
1300.233353409807 50.0
1300.233353409807 50.0
1300.3924666289186 50.0
1300.3924666289186 50.0
1300.55157984803 50.0
1300.55157984803 50.0
1300.55157984803 50.0
1300.3924666289186 50.0
1300.55157984803 50.0
1300.55157984803 50.0
1300.55157984803 50.0
1301.0289195053645 50.0
1300.8698062862532 50.0
1300.8698062862532 50.0
1300.7106930671414 50.0
1300.7106930671414 50.0
1300.8698062862532 50.0
1300.8698062862532 50.0
1301.0289195053645 50.0
1301.0289195053645 50.0
1301.3471459435873 50.0
1301.188032724476 50.0
1300.8698062862532 50.0
1300.8698062862532 50.0
1301.188032724476 50.0
1301.0289195053645 50.0
1301.0289195053645 50.0
1301.0289195053645 50.0
1301.188032724476 50.0
1301.0289195053645 50.0
1301.0289195053645 50.0
1301.188032724476 50.0
1301.188032724476 50.0
1301.0289195053645 50.0
1301.3471459435873 50.0
1301.3471459435873 50.0
1301.3471459435873 50.0
1301.3471459435873 50.0
1301.3471459435873 50.0
1301.3471459435873 50.0
1301.3471459435873 50.0
1301.6653723818104 50.0
1301.5062591626988 50.0
1301.3471459435873 50.0
