GWO
1901.5222084324234 50.0
1922.3660401382267 50.0
1918.0699832217397 50.0
1919.0246625365135 50.0
1916.9561906878375 50.0
1907.568510759268 50.0
1891.8163020656962 50.0
1877.8143387826535 50.0
1865.2443944718425 50.0
1849.8104122169239 50.0
1834.058203523898 50.0
1822.9202781854763 50.0
1810.032107436812 50.0
1800.9626539470614 50.0
1790.9385211426466 50.0
1780.1188222426965 50.0
1768.8217836854521 50.0
1760.7070095105646 50.0
1752.2740088974756 50.0
1742.8863289697315 50.0
1733.1804226037984 50.0
1724.5883087716907 50.0
1717.4282139116215 50.0
1706.6085150119952 50.0
1695.4705896741852 50.0
1690.3789666626285 50.0
1676.217890161777 50.0
1668.8986820827079 50.0
1660.4656814698856 50.0
1648.3730768175687 50.0
1636.9169250417217 50.0
1630.7115094964838 50.0
1619.8918105971134 50.0
1604.298715124531 50.0
1597.4568467029012 50.0
1586.3189213653795 50.0
1575.4992224660896 50.0
1568.0209011680593 50.0
1556.7238626114715 50.0
1547.4952959032812 50.0
1539.3805217288436 50.0
1528.879049267813 50.0
1516.94555783483 50.0
1510.581029070574 50.0
1501.670688800617 50.0
1491.4874427778088 50.0
1487.1913858619364 50.0
1476.2125737435938 50.0
1467.3022334736313 50.0
1459.5056857374102 50.0
1451.390911562972 50.0
1441.5258919783537 50.0
1432.7746649274754 50.0
1428.637721230694 50.0
1422.1140792473036 50.0
1416.7042297976589 50.0
1410.1805878142584 50.0
1402.861379735314 50.0
1393.4736998079597 50.0
1390.1323222066944 50.0
1384.0860198805904 50.0
1377.8806043353711 50.0
1374.6983399532044 50.0
1369.9249433799505 50.0
1366.4244525595614 50.0
1363.0830749582783 50.0
1357.3549990703586 50.0
1353.058942154414 50.0
1348.2855455811368 50.0
1346.3761869518246 50.0
1342.239243254978 50.0
1338.4205259963464 50.0
1335.87471449059 50.0
1332.055997231952 50.0
1327.91905353509 50.0
1325.5323552484365 50.0
1323.1456569617815 50.0
1319.008713264909 50.0
1317.8949207311346 50.0
1315.5082224444743 50.0
1313.5988638151448 50.0
1311.3712787475924 50.0
1308.8254672418163 50.0
1306.7569953933717 50.0
1305.0067499831484 50.0
1303.5747310111467 50.0
1301.0289195053645 50.0
1298.8013344378032 50.0
1295.3008436173466 50.0
1293.0732585497813 50.0
1291.6412395777738 50.0
1288.6180884146452 50.0
1285.9131636897382 50.0
1282.7308993074912 50.0
1280.8215406781412 50.0
1277.7983895150012 50.0
1276.8437102003247 50.0
1274.297898694519 50.0
1272.8658797225023 50.0
1272.0703136269371 50.0
1269.365388902014 50.0
1267.7742567108814 50.0
1265.2284452050674 50.0
1264.2737658903864 50.0
1262.6826336992508 50.0
1260.4550486316593 50.0
1259.3412560978627 50.0
1257.5910106876102 50.0
1255.8407652773562 50.0
1255.0451991817854 50.0
1252.8176141141867 50.0
1251.3855951421576 50.0
1249.635349731899 50.0
1248.203330759868 50.0
1246.4530853496071 50.0
1245.1801795966894 50.0
1243.2708209673112 50.0
1242.9525945290814 50.0
1241.6796887761616 50.0
1241.0432358997014 50.0
1239.7703301467807 50.0
1238.4974243938593 50.0
1236.4289525453605 50.0
1234.678707135091 50.0
1233.8831410395135 50.0
1233.2466881630512 50.0
1232.2920088483575 50.0
1231.496442752779 50.0
1230.8599898763161 50.0
1229.9053105616217 50.0
1228.9506312469266 50.0
1227.9959519322313 50.0
1227.0412726175352 50.0
1226.086593302839 50.0
1225.6092536454908 50.0
1224.1772346734454 50.0
1223.2225553587477 50.0
1222.4269892631664 50.0
1221.7905363867008 50.0
1221.3131967293516 50.0
1219.722064538187 50.0
1218.926498442604 50.0
1217.9718191279044 50.0
1217.653592689671 50.0
1217.0171398132043 50.0
1216.3806869367372 50.0
1215.4260076220364 50.0
1214.789554745569 50.0
1213.9939886499844 50.0
1212.8801961161655 50.0
1212.8801961161655 50.0
1212.08463002058 50.0
1211.607290363229 50.0
1211.1299507058775 50.0
1210.1752713911744 50.0
1209.0614788573534 50.0
1209.0614788573534 50.0
1207.9476863235318 50.0
1207.629459885297 50.0
1206.8338937897097 50.0
1206.0383276941222 50.0
1205.401874817652 50.0
1204.6063087220639 50.0
1203.9698558455932 50.0
1203.4925161882402 50.0
1202.856063311769 50.0
1201.5831575588263 50.0
1201.4240443397084 50.0
1201.1058179014726 50.0
1200.3102518058827 50.0
1200.1511385867648 50.0
1199.832912148529 50.0
1199.1964592720567 50.0
1198.8782328338207 50.0
1198.5600063955844 50.0
1198.5600063955844 50.0
1197.923553519112 50.0
1197.6053270808754 50.0
1197.1279874235208 50.0
1196.9688742044025 50.0
1196.014194889693 50.0
1196.014194889693 50.0
1195.8550816705747 50.0
1195.2186287941013 50.0
1194.5821759176276 50.0
1194.5821759176276 50.0
1193.7866098220352 50.0
1193.6274966029168 50.0
1192.3545908499684 50.0
1192.1954776308498 50.0
1191.8772511926124 50.0
1191.5590247543753 50.0
1191.3999115352565 50.0
1191.081685097019 50.0
1191.081685097019 50.0
1190.763458658782 50.0
1190.4452322205443 50.0
1190.4452322205443 50.0
1190.1270057823067 50.0
1189.967892563188 50.0
1189.6496661249505 50.0
1189.013213248475 50.0
1188.5358735911182 50.0
1188.2176471528805 50.0
1188.2176471528805 50.0
1188.0585339337615 50.0
1187.7403074955237 50.0
1187.5811942764046 50.0
1187.1038546190475 50.0
1186.9447413999287 50.0
1186.3082885234523 50.0
1186.1491753043333 50.0
1185.8309488660952 50.0
1185.5127224278567 50.0
1185.3536092087377 50.0
1185.1944959896186 50.0
1185.0353827704994 50.0
1184.5580431131416 50.0
1183.9215902366645 50.0
1183.9215902366645 50.0
1183.603363798426 50.0
1183.4442505793068 50.0
1183.1260241410682 50.0
1182.9669109219487 50.0
1182.64868448371 50.0
1182.4895712645907 50.0
1182.0122316072325 50.0
1182.0122316072325 50.0
1182.0122316072325 50.0
1181.534891949874 50.0
1180.898439073396 50.0
1180.5802126351568 50.0
1180.1028729777984 50.0
1179.9437597586787 50.0
1179.7846465395592 50.0
1179.6255333204394 50.0
1179.3073068822 50.0
1179.3073068822 50.0
1179.3073068822 50.0
1178.1935143483622 50.0
1178.0344011292423 50.0
1177.8752879101228 50.0
1177.7161746910028 50.0
1177.0797218145237 50.0
1176.761495376284 50.0
1176.2841557189242 50.0
1176.2841557189242 50.0
1175.8068160615646 50.0
1175.6477028424445 50.0
1175.6477028424445 50.0
1175.4885896233245 50.0
1175.4885896233245 50.0
1175.3294764042046 50.0
1174.8521367468447 50.0
1174.3747970894844 50.0
1174.2156838703643 50.0
1173.738344213004 50.0
1173.738344213004 50.0
1173.4201177747636 50.0
1172.7836648982832 50.0
1172.7836648982832 50.0
1172.4654384600426 50.0
1172.3063252409224 50.0
1171.6698723644413 50.0
1171.3516459262007 50.0
1171.3516459262007 50.0
1171.0334194879601 50.0
1170.8743062688395 50.0
1170.556079830599 50.0
1170.237853392358 50.0
1170.0787401732377 50.0
1169.760513734997 50.0
1169.2831740776355 50.0
1169.2831740776355 50.0
1169.2831740776355 50.0
1168.9649476393943 50.0
1168.4876079820326 50.0
1168.1693815437916 50.0
1168.010268324671 50.0
1167.8511551055503 50.0
1167.532928667309 50.0
1167.2147022290678 50.0
1167.055589009947 50.0
1167.055589009947 50.0
1166.7373625717057 50.0
1166.578249352585 50.0
1166.4191361334642 50.0
1165.941796476102 50.0
1165.6235700378602 50.0
1165.4644568187396 50.0
1165.1462303804979 50.0
1164.8280039422561 50.0
1164.3506642848934 50.0
1164.1915510657725 50.0
1164.0324378466516 50.0
1163.7142114084095 50.0
1163.0777585319256 50.0
1162.9186453128045 50.0
1162.7595320936834 50.0
1162.6004188745624 50.0
1162.4413056554415 50.0
1162.2821924363202 50.0
1161.3275131215935 50.0
1161.009286683351 50.0
1160.6910602451085 50.0
1160.2137205877448 50.0
1159.7363809303808 50.0
1159.5772677112595 50.0
1159.4181544921382 50.0
1158.940814834774 50.0
1158.7817016156528 50.0
1158.3043619582886 50.0
1157.6679090818025 50.0
1157.1905694244379 50.0
1156.5541165479517 50.0
1156.2358901097084 50.0
1155.917663671465 50.0
1155.1220975758567 50.0
1154.8038711376132 50.0
1154.0083050420044 50.0
1153.6900786037604 50.0
1153.212738946395 50.0
1152.8945125081511 50.0
1152.5762860699072 50.0
1152.4171728507854 50.0
1151.4624935360532 50.0
1150.985153878687 50.0
1150.985153878687 50.0
1150.5078142213206 50.0
1149.5531349065873 50.0
1148.9166820300984 50.0
1148.4393423727315 50.0
1147.4846630579973 50.0
1146.5299837432624 50.0
1145.2570779902821 50.0
1144.6206251137914 50.0
1143.6659457990552 50.0
1143.1886061416867 50.0
1142.2339268269498 50.0
1140.801907854843 50.0
1139.5290021018582 50.0
1139.051662444489 50.0
1138.415209567996 50.0
1137.6196434723795 50.0
1136.0285112811455 50.0
1134.2782658707865 50.0
1133.6418129942917 50.0
1132.3689072413017 50.0
1131.4142279265584 50.0
1129.9822089544427 50.0
1129.1866428588223 50.0
1128.0728503249532 50.0
1127.1181710102076 50.0
1126.48171813371 50.0
1125.686152038088 50.0
1124.5723595042164 50.0
1123.1403405320948 50.0
1121.7083215599719 50.0
1120.9127554643474 50.0
1120.1171893687228 50.0
1119.3216232730974 50.0
1118.3669439583468 50.0
1116.7758117670944 50.0
1115.1846795758402 50.0
1114.0708870419617 50.0
1112.6388680698306 50.0
1112.0024151933276 50.0
1110.8886226594464 50.0
1109.9339433446908 50.0
1109.4566036873125 50.0
1108.8201508108084 50.0
1108.34281115343 50.0
1107.3881318386727 50.0
1105.7969996474094 50.0
1104.8423203326504 50.0
1104.0467542370175 50.0
1103.0920749222578 50.0
1102.7738484840042 50.0
1102.7738484840042 50.0
1101.3418295118631 50.0
1099.7506973205934 50.0
1099.1142444440852 50.0
1098.4777915675766 50.0
1097.6822254719405 50.0
1096.409319718922 50.0
1095.6137536232848 50.0
1095.1364139659022 50.0
1094.3408478702645 50.0
1093.227055336371 50.0
1091.9541495833487 50.0
1091.317696706837 50.0
1090.0447909538134 50.0
1089.4083380773009 50.0
1088.61277198166 50.0
1087.6580926668903 50.0
1087.0216397903769 50.0
1086.0669604756065 50.0
1085.1122811608354 50.0
1084.4758282843209 50.0
1084.1576018460637 50.0
1083.839375407806 50.0
1083.521148969549 50.0
1082.7255828739048 50.0
1082.0891299973894 50.0
1081.1344506826156 50.0
1080.3388845869704 50.0
1079.3842052721955 50.0
1078.42952595742 50.0
1077.952186300032 50.0
1077.1566202043853 50.0
1076.520167327867 50.0
1075.7246012322196 50.0
1075.2472615748306 50.0
1074.610808698312 50.0
1073.6561293835332 50.0
1072.860563287884 50.0
1072.542336849624 50.0
1072.2241104113643 50.0
1071.4285443157141 50.0
1071.110317877454 50.0
1070.6329782200637 50.0
1069.6782989052822 50.0
1069.2009592478917 50.0
1068.7236195905004 50.0
1068.4053931522396 50.0
1068.0871667139788 50.0
1067.768940275718 50.0
1067.6098270565876 50.0
1067.2916006183264 50.0
1066.9733741800655 50.0
1066.814260960935 50.0
1066.6551477418043 50.0
1066.4960345226737 50.0
1066.1778080844124 50.0
1066.0186948652818 50.0
1065.8595816461511 50.0
1065.7004684270205 50.0
1065.2231287696281 50.0
1064.5866758931052 50.0
1064.427562673974 50.0
1064.1093362357126 50.0
1064.1093362357126 50.0
1063.154656920927 50.0
1062.995543701796 50.0
1062.836430482665 50.0
1062.3590908252718 50.0
1062.1999776061407 50.0
1062.0408643870096 50.0
1061.8817511678783 50.0
1061.5635247296161 50.0
1061.4044115104848 50.0
1060.927071853091 50.0
1060.4497321956976 50.0
1060.2906189765663 50.0
1059.8132793191721 50.0
1059.6541661000408 50.0
1059.335939661778 50.0
1058.5403735661207 50.0
1058.5403735661207 50.0
1058.3812603469892 50.0
1058.063033908726 50.0
1057.9039206895945 50.0
1057.4265810321997 50.0
1057.1083545939364 50.0
1056.4719017174098 50.0
1055.9945620600142 50.0
1055.1989959643552 50.0
1054.5625430878274 50.0
1053.6078637730352 50.0
1053.4487505539032 50.0
1053.1305241156388 50.0
1052.8122976773748 50.0
1052.334958019978 50.0
1052.334958019978 50.0
1052.334958019978 50.0
1051.698505143449 50.0
1051.3802787051845 50.0
1050.5847126095227 50.0
1050.4255993903903 50.0
1050.1073729521254 50.0
1049.4709200755954 50.0
1049.4709200755954 50.0
1049.15269363733 50.0
1048.9935804181973 50.0
1048.8344671990649 50.0
1048.6753539799324 50.0
1048.1980143225342 50.0
1046.7659953503392 50.0
1046.6068821312062 50.0
1045.9704292546746 50.0
1045.3339763781428 50.0
1045.0157499398765 50.0
1044.5384102824771 50.0
1044.3792970633442 50.0
1043.583730967678 50.0
1043.4246177485447 50.0
1043.2655045294118 50.0
1042.7881648720117 50.0
1042.469938433745 50.0
1042.1517119954783 50.0
1042.1517119954783 50.0
1041.6743723380778 50.0
1041.356145899811 50.0
1041.356145899811 50.0
1041.1970326806775 50.0
1041.0379194615439 50.0
1041.0379194615439 50.0
1040.2423533658762 50.0
1039.6059004893414 50.0
1038.9694476128066 50.0
1038.9694476128066 50.0
1038.9694476128066 50.0
1038.492107955405 50.0
1038.0147682980032 50.0
1037.8556550788694 50.0
1037.6965418597354 50.0
1037.2192022023337 50.0
1037.0600889831996 50.0
1037.0600889831996 50.0
1036.5827493257977 50.0
1036.5827493257977 50.0
1036.4236361066635 50.0
1035.7871832301269 50.0
1034.6733906961874 50.0
1034.6733906961874 50.0
1034.1960510387844 50.0
1034.1960510387844 50.0
1034.0369378196501 50.0
1033.2413717239779 50.0
1032.7640320665744 50.0
1032.6049188474399 50.0
1032.1275791900364 50.0
1031.4911263134977 50.0
1031.1728998752283 50.0
1031.1728998752283 50.0
1030.5364469986891 50.0
1030.0591073412847 50.0
1029.4226544647452 50.0
1029.4226544647452 50.0
1029.2635412456104 50.0
1029.1044280264755 50.0
1028.9453148073403 50.0
1028.6270883690704 50.0
1028.3088619308005 50.0
1027.9906354925301 50.0
1027.6724090542598 50.0
1027.5132958351246 50.0
1027.3541826159897 50.0
1027.035956177719 50.0
1026.876842958584 50.0
1026.5586165203135 50.0
1026.2403900820427 50.0
1026.2403900820427 50.0
1026.2403900820427 50.0
1026.2403900820427 50.0
1026.2403900820427 50.0
1026.0812768629073 50.0
1025.9221636437721 50.0
1025.9221636437721 50.0
1025.9221636437721 50.0
1025.9221636437721 50.0
1025.9221636437721 50.0
1025.444823986366 50.0
1025.2857107672305 50.0
1025.126597548095 50.0
1025.126597548095 50.0
1024.9674843289597 50.0
1024.6492578906887 50.0
1024.3310314524176 50.0
1024.3310314524176 50.0
1024.3310314524176 50.0
1024.3310314524176 50.0
1024.1719182332822 50.0
1024.0128050141466 50.0
1024.0128050141466 50.0
1024.0128050141466 50.0
1024.0128050141466 50.0
1023.853691795011 50.0
1023.5354653567397 50.0
1023.5354653567397 50.0
1023.3763521376038 50.0
1023.3763521376038 50.0
1023.0581256993325 50.0
1023.0581256993325 50.0
1022.8990124801969 50.0
1022.5807860419252 50.0
1022.4216728227898 50.0
1022.4216728227898 50.0
1022.1034463845181 50.0
1022.1034463845181 50.0
1022.1034463845181 50.0
1021.4669935079746 50.0
1021.4669935079746 50.0
1021.1487670697027 50.0
1020.9896538505668 50.0
1020.9896538505668 50.0
1020.830540631431 50.0
1020.830540631431 50.0
1020.830540631431 50.0
1020.6714274122949 50.0
1020.512314193159 50.0
1020.3532009740229 50.0
1020.3532009740229 50.0
1020.3532009740229 50.0
1020.3532009740229 50.0
1020.3532009740229 50.0
1020.1940877548868 50.0
1020.1940877548868 50.0
1020.1940877548868 50.0
1020.0349745357507 50.0
1020.0349745357507 50.0
1020.0349745357507 50.0
1020.0349745357507 50.0
1020.0349745357507 50.0
1019.8758613166145 50.0
1019.8758613166145 50.0
1019.7167480974787 50.0
1019.7167480974787 50.0
1019.7167480974787 50.0
1019.7167480974787 50.0
1019.7167480974787 50.0
1019.5576348783425 50.0
1019.5576348783425 50.0
1019.3985216592064 50.0
1019.3985216592064 50.0
1019.3985216592064 50.0
1019.2394084400702 50.0
1019.080295220934 50.0
1019.080295220934 50.0
1019.080295220934 50.0
1019.080295220934 50.0
1019.080295220934 50.0
1019.080295220934 50.0
1019.080295220934 50.0
1019.080295220934 50.0
1019.080295220934 50.0
1018.9211820017979 50.0
1018.9211820017979 50.0
1018.6029555635253 50.0
1018.4438423443889 50.0
1018.2847291252529 50.0
1018.2847291252529 50.0
1018.2847291252529 50.0
1018.2847291252529 50.0
1018.2847291252529 50.0
1017.96650268698 50.0
1017.96650268698 50.0
1017.96650268698 50.0
1017.96650268698 50.0
1017.96650268698 50.0
1017.8073894678438 50.0
1017.8073894678438 50.0
1017.3300498104345 50.0
1017.3300498104345 50.0
1017.3300498104345 50.0
1017.3300498104345 50.0
1017.3300498104345 50.0
1017.3300498104345 50.0
1017.3300498104345 50.0
1017.3300498104345 50.0
1017.3300498104345 50.0
1017.1709365912981 50.0
1017.0118233721619 50.0
1017.0118233721619 50.0
1016.8527101530253 50.0
1016.6935969338888 50.0
1016.5344837147522 50.0
1016.5344837147522 50.0
1016.3753704956157 50.0
1016.2162572764793 50.0
1016.0571440573426 50.0
1016.0571440573426 50.0
1015.8980308382061 50.0
1015.8980308382061 50.0
1015.8980308382061 50.0
1015.8980308382061 50.0
1015.8980308382061 50.0
1015.7389176190694 50.0
1015.7389176190694 50.0
1015.7389176190694 50.0
1015.7389176190694 50.0
1015.7389176190694 50.0
1015.7389176190694 50.0
1015.7389176190694 50.0
1015.579804399933 50.0
1015.579804399933 50.0
1015.579804399933 50.0
1015.2615779616594 50.0
1015.2615779616594 50.0
1015.2615779616594 50.0
1015.2615779616594 50.0
1015.2615779616594 50.0
1015.2615779616594 50.0
1015.2615779616594 50.0
1015.2615779616594 50.0
1015.2615779616594 50.0
1015.2615779616594 50.0
1015.1024647425229 50.0
1015.1024647425229 50.0
1015.1024647425229 50.0
1015.1024647425229 50.0
1014.943351523386 50.0
1014.943351523386 50.0
1014.943351523386 50.0
1014.943351523386 50.0
1014.943351523386 50.0
1014.943351523386 50.0
1014.943351523386 50.0
1014.943351523386 50.0
1014.943351523386 50.0
1014.943351523386 50.0
1014.943351523386 50.0
1014.943351523386 50.0
1014.943351523386 50.0
1014.943351523386 50.0
1014.943351523386 50.0
1014.943351523386 50.0
1014.6251250851128 50.0
1014.4660118659759 50.0
1014.4660118659759 50.0
1014.3068986468393 50.0
1014.1477854277023 50.0
1014.1477854277023 50.0
1014.1477854277023 50.0
1014.1477854277023 50.0
1014.1477854277023 50.0
1014.1477854277023 50.0
1014.1477854277023 50.0
1014.1477854277023 50.0
1014.1477854277023 50.0
1014.1477854277023 50.0
1013.9886722085655 50.0
1013.9886722085655 50.0
1013.9886722085655 50.0
1013.9886722085655 50.0
1013.9886722085655 50.0
1013.9886722085655 50.0
1013.9886722085655 50.0
1013.9886722085655 50.0
1013.9886722085655 50.0
1013.9886722085655 50.0
1013.9886722085655 50.0
1013.9886722085655 50.0
1013.9886722085655 50.0
1013.9886722085655 50.0
1013.8295589894287 50.0
1013.8295589894287 50.0
1013.8295589894287 50.0
1013.8295589894287 50.0
1013.8295589894287 50.0
1013.8295589894287 50.0
1013.8295589894287 50.0
1013.8295589894287 50.0
1013.8295589894287 50.0
1013.8295589894287 50.0
1013.8295589894287 50.0
1013.8295589894287 50.0
1013.8295589894287 50.0
1013.8295589894287 50.0
1013.8295589894287 50.0
1013.6704457702917 50.0
1013.5113325511549 50.0
1013.5113325511549 50.0
1013.5113325511549 50.0
1013.5113325511549 50.0
1013.5113325511549 50.0
1013.5113325511549 50.0
1013.5113325511549 50.0
1013.5113325511549 50.0
1013.5113325511549 50.0
1013.5113325511549 50.0
1013.5113325511549 50.0
1013.5113325511549 50.0
1013.5113325511549 50.0
1013.5113325511549 50.0
1013.5113325511549 50.0
1013.5113325511549 50.0
1013.5113325511549 50.0
1013.5113325511549 50.0
1013.5113325511549 50.0
1013.5113325511549 50.0
1013.5113325511549 50.0
1013.5113325511549 50.0
1013.5113325511549 50.0
1013.5113325511549 50.0
1013.5113325511549 50.0
1013.5113325511549 50.0
1013.5113325511549 50.0
1013.5113325511549 50.0
1013.5113325511549 50.0
1013.3522193320182 50.0
1013.3522193320182 50.0
1013.3522193320182 50.0
1013.3522193320182 50.0
1013.3522193320182 50.0
1013.1931061128811 50.0
1013.1931061128811 50.0
1013.1931061128811 50.0
1013.1931061128811 50.0
1013.1931061128811 50.0
1013.1931061128811 50.0
1013.0339928937442 50.0
1012.8748796746072 50.0
1012.8748796746072 50.0
1012.7157664554707 50.0
1012.5566532363334 50.0
1012.5566532363334 50.0
1012.5566532363334 50.0
1012.3975400171967 50.0
1012.3975400171967 50.0
1012.3975400171967 50.0
1012.3975400171967 50.0
1012.3975400171967 50.0
1012.3975400171967 50.0
1012.3975400171967 50.0
1012.3975400171967 50.0
1012.3975400171967 50.0
1012.2384267980597 50.0
1012.2384267980597 50.0
1012.2384267980597 50.0
1012.2384267980597 50.0
1012.2384267980597 50.0
1012.2384267980597 50.0
1012.2384267980597 50.0
1012.2384267980597 50.0
1012.2384267980597 50.0
1012.2384267980597 50.0
1012.0793135789229 50.0
1012.0793135789229 50.0
1012.0793135789229 50.0
1012.0793135789229 50.0
1012.0793135789229 50.0
1012.0793135789229 50.0
1012.0793135789229 50.0
1012.0793135789229 50.0
1012.0793135789229 50.0
1012.0793135789229 50.0
1012.0793135789229 50.0
1012.0793135789229 50.0
1012.0793135789229 50.0
1012.0793135789229 50.0
1012.0793135789229 50.0
1012.0793135789229 50.0
1012.0793135789229 50.0
1012.0793135789229 50.0
1012.0793135789229 50.0
1012.0793135789229 50.0
1012.0793135789229 50.0
1012.0793135789229 50.0
1012.0793135789229 50.0
1011.9202003597858 50.0
1011.7610871406487 50.0
1011.7610871406487 50.0
1011.1246342641006 50.0
1010.9655210449635 50.0
1010.8064078258265 50.0
1010.6472946066895 50.0
1010.4881813875521 50.0
1010.1699549492778 50.0
1010.1699549492778 50.0
1010.1699549492778 50.0
1009.6926152918662 50.0
1009.6926152918662 50.0
1009.2152756344542 50.0
1009.2152756344542 50.0
1009.2152756344542 50.0
1008.8970491961795 50.0
1008.8970491961795 50.0
1008.8970491961795 50.0
1008.5788227579047 50.0
1008.2605963196298 50.0
1008.2605963196298 50.0
1008.2605963196298 50.0
1008.2605963196298 50.0
1007.942369881355 50.0
1007.7832566622174 50.0
1007.4650302239424 50.0
1006.9876905665299 50.0
1006.9876905665299 50.0
1006.9876905665299 50.0
1006.9876905665299 50.0
1006.9876905665299 50.0
1006.8285773473922 50.0
1006.6694641282545 50.0
1006.6694641282545 50.0
1006.6694641282545 50.0
1006.6694641282545 50.0
1006.3512376899791 50.0
1006.1921244708417 50.0
1006.1921244708417 50.0
1006.1921244708417 50.0
1006.1921244708417 50.0
1006.1921244708417 50.0
1006.1921244708417 50.0
1006.033011251704 50.0
1005.7147848134283 50.0
1005.7147848134283 50.0
1005.7147848134283 50.0
1005.7147848134283 50.0
1005.5556715942905 50.0
1005.5556715942905 50.0
1005.5556715942905 50.0
1005.5556715942905 50.0
1005.5556715942905 50.0
1005.5556715942905 50.0
1005.3965583751528 50.0
1005.3965583751528 50.0
1005.3965583751528 50.0
1005.3965583751528 50.0
1005.3965583751528 50.0
1005.3965583751528 50.0
1005.3965583751528 50.0
1005.2374451560148 50.0
1005.2374451560148 50.0
1005.2374451560148 50.0
1005.2374451560148 50.0
1005.2374451560148 50.0
1005.2374451560148 50.0
1005.2374451560148 50.0
1005.2374451560148 50.0
1005.2374451560148 50.0
1005.2374451560148 50.0
1005.2374451560148 50.0
1005.2374451560148 50.0
1005.2374451560148 50.0
1005.2374451560148 50.0
1005.2374451560148 50.0
1005.2374451560148 50.0
1005.2374451560148 50.0
1005.2374451560148 50.0
1005.2374451560148 50.0
1005.2374451560148 50.0
1005.2374451560148 50.0
1005.2374451560148 50.0
1005.2374451560148 50.0
1005.2374451560148 50.0
1005.2374451560148 50.0
1005.2374451560148 50.0
1005.2374451560148 50.0
1005.0783319368772 50.0
1005.0783319368772 50.0
1005.0783319368772 50.0
1005.0783319368772 50.0
1005.0783319368772 50.0
1005.0783319368772 50.0
1005.0783319368772 50.0
1004.9192187177392 50.0
1004.9192187177392 50.0
1004.9192187177392 50.0
1004.9192187177392 50.0
1004.9192187177392 50.0
1005.0783319368772 50.0
1005.0783319368772 50.0
1005.0783319368772 50.0
1005.0783319368772 50.0
1005.0783319368772 50.0
1005.0783319368772 50.0
1005.0783319368772 50.0
1005.0783319368772 50.0
1005.0783319368772 50.0
1005.0783319368772 50.0
1005.0783319368772 50.0
1005.0783319368772 50.0
1005.0783319368772 50.0
1004.9192187177392 50.0
1004.9192187177392 50.0
1004.9192187177392 50.0
1004.9192187177392 50.0
1004.9192187177392 50.0
1004.9192187177392 50.0
1004.9192187177392 50.0
1004.9192187177392 50.0
1004.9192187177392 50.0
1004.9192187177392 50.0
1004.9192187177392 50.0
1004.9192187177392 50.0
1004.7601054986014 50.0
1004.7601054986014 50.0
1004.7601054986014 50.0
1004.7601054986014 50.0
1004.7601054986014 50.0
1004.7601054986014 50.0
1004.7601054986014 50.0
1004.7601054986014 50.0
1004.7601054986014 50.0
1004.7601054986014 50.0
1004.7601054986014 50.0
1004.7601054986014 50.0
1004.7601054986014 50.0
1004.7601054986014 50.0
1004.7601054986014 50.0
1004.7601054986014 50.0
1004.7601054986014 50.0
1004.7601054986014 50.0
1004.7601054986014 50.0
1004.7601054986014 50.0
1004.7601054986014 50.0
1004.7601054986014 50.0
1004.7601054986014 50.0
1004.7601054986014 50.0
