IEACOP
1492.2830088733408 50.0
1361.8101692054079 50.0
1607.4809795066874 50.0
1718.5420064454088 50.0
1752.592235335705 50.0
1785.5286716926648 50.0
1800.485314289707 50.0
1815.7601833250967 50.0
1822.6020517472366 50.0
1837.2404679063166 50.0
1843.7641098902916 50.0
1851.5606576272685 50.0
1857.2887335156818 50.0
1865.4035076909663 50.0
1866.3581870057083 50.0
1872.5636025515437 50.0
1874.4729611810365 50.0
1879.8828106312772 50.0
1879.4054709739023 50.0
1879.7236974121522 50.0
1882.7468485755296 50.0
1882.1103956990287 50.0
1882.4286221372793 50.0
1883.0650750137802 50.0
1883.383301452031 50.0
1883.383301452031 50.0
1880.5192635077774 50.0
1880.6783767269026 50.0
1879.4054709739023 50.0
1879.4054709739023 50.0
1877.3369991252794 50.0
1876.8596594679052 50.0
1875.268527276659 50.0
1877.1778859061546 50.0
1875.7458669340326 50.0
1873.995621523663 50.0
1871.7680364559228 50.0
1870.4951307029294 50.0
1870.8133571411777 50.0
1869.858677826433 50.0
1869.0631117308133 50.0
1869.381338169061 50.0
1868.7448852925654 50.0
1867.3128663204507 50.0
1863.4941490614842 50.0
1861.584790432004 50.0
1859.038978926034 50.0
1857.4478467348047 50.0
1856.4931674200675 50.0
1854.5838087905952 50.0
1851.8788840655131 50.0
1852.3562237228803 50.0
1850.4468650934127 50.0
1851.0833179699016 50.0
1849.9695254360458 50.0
1849.014846121313 50.0
1849.9695254360458 50.0
1850.7650915316572 50.0
1849.014846121313 50.0
1848.5375064639468 50.0
1849.014846121313 50.0
1847.1054874918489 50.0
1846.946374272727 50.0
1847.4237139300928 50.0
1846.946374272727 50.0
1848.2192800257028 50.0
1847.4237139300928 50.0
1846.787261053605 50.0
1848.3783932448248 50.0
1845.5143553006303 50.0
1844.4005627667782 50.0
1843.1276570138052 50.0
1842.3320909181975 50.0
1842.9685437946837 50.0
1841.854751260833 50.0
1841.6956380417114 50.0
1840.5818455078618 50.0
1839.627166193134 50.0
1838.990713316649 50.0
1837.5586943445585 50.0
1837.3995811254376 50.0
1835.012882838623 50.0
1834.3764299621398 50.0
1832.944410990053 50.0
1834.058203523898 50.0
1835.1719960577439 50.0
1833.7399770856564 50.0
1833.2626374282943 50.0
1833.5808638665358 50.0
1833.1035242091737 50.0
1833.2626374282943 50.0
1831.6715052370878 50.0
1834.5355431812604 50.0
1833.8990903047772 50.0
1831.8306184562084 50.0
1831.5123920179674 50.0
1829.762146607642 50.0
1827.3754483208372 50.0
1825.9434293487557 50.0
1825.6252029105156 50.0
1826.8981086634765 50.0
1826.1025425678758 50.0
1825.4660896913956 50.0
1826.1025425678758 50.0
1826.261655786996 50.0
1828.0119011973181 50.0
1828.4892408546789 50.0
1827.5345615399574 50.0
1828.1710144164383 50.0
1829.2848069502807 50.0
1831.3532787988465 50.0
1832.7852977709322 50.0
1832.467071332691 50.0
1833.1035242091737 50.0
1831.989731675329 50.0
1831.989731675329 50.0
1831.0350523606057 50.0
1832.467071332691 50.0
1831.6715052370878 50.0
1830.875939141485 50.0
1831.0350523606057 50.0
1831.3532787988465 50.0
1832.3079581135703 50.0
1831.1941655797261 50.0
1829.6030333885215 50.0
1828.1710144164383 50.0
1827.5345615399574 50.0
1825.6252029105156 50.0
1824.9887500340355 50.0
1824.5114103766755 50.0
1824.8296368149154 50.0
1823.7158442810758 50.0
1821.4882592133984 50.0
1821.3291459942786 50.0
1820.5335798986803 50.0
1820.3744666795606 50.0
1819.7380138030821 50.0
1818.3059948310065 50.0
1819.101560926604 50.0
1818.465108050126 50.0
1817.5104287354093 50.0
1816.8739758589318 50.0
1815.7601833250967 50.0
1814.1690511339048 50.0
1813.6917114765477 50.0
1814.1690511339048 50.0
1813.0552586000713 50.0
1812.7370321618334 50.0
1812.4188057235954 50.0
1811.9414660662385 50.0
1811.4641264088818 50.0
1809.7138809985745 50.0
1807.8045223691502 50.0
1807.9636355882687 50.0
1807.8045223691502 50.0
1807.1680694926758 50.0
1806.5316166162015 50.0
1805.7360505206093 50.0
1803.8266918911886 50.0
1803.0311257955975 50.0
1801.2808803852975 50.0
1800.3262010705891 50.0
1799.8488614132352 50.0
1798.8941820985274 50.0
1797.4621631264667 50.0
1795.8710309352891 50.0
1794.1207855249954 50.0
1792.8478797720554 50.0
1792.0523136764682 50.0
1791.8932004573508 50.0
1790.4611814852947 50.0
1789.5065021705914 50.0
1788.5518228558883 50.0
1786.9606906647175 50.0
1787.2789171029515 50.0
1786.1651245691326 50.0
1784.5739923779636 50.0
1783.9375395014963 50.0
1783.9375395014963 50.0
1782.9828601867957 50.0
1783.6193130632628 50.0
1782.9828601867957 50.0
1781.7099544338623 50.0
1782.0281808720956 50.0
1781.5508412147456 50.0
1780.7552751191627 50.0
1780.277935461813 50.0
1779.1641429279975 50.0
1779.0050297088812 50.0
1778.3685768324153 50.0
1778.2094636132992 50.0
1777.8912371750664 50.0
1777.4138975177173 50.0
1777.4138975177173 50.0
1777.4138975177173 50.0
1776.3001049839033 50.0
1776.3001049839033 50.0
1775.8227653265546 50.0
1774.8680860118575 50.0
1774.072519916277 50.0
1772.1631612868848 50.0
1771.0493687530734 50.0
1770.5720290957258 50.0
1769.9355762192627 50.0
1768.980896904568 50.0
1768.503557247221 50.0
1767.548877932527 50.0
1766.5941986178332 50.0
1765.6395193031399 50.0
1765.003066426678 50.0
1764.207500331101 50.0
1762.9345945781781 50.0
1761.3434623870253 50.0
1760.7070095105646 50.0
1759.4341037576437 50.0
1758.6385376620683 50.0
1758.3203112238384 50.0
1758.6385376620683 50.0
1757.2065186900336 50.0
1755.7744997179996 50.0
1755.1380468415402 50.0
1754.3424807459664 50.0
1753.069574993049 50.0
1752.7513485548195 50.0
1752.7513485548195 50.0
1752.592235335705 50.0
1751.3193295827882 50.0
1750.2055370489866 50.0
1749.5690841725288 50.0
1749.4099709534144 50.0
1748.7735180769569 50.0
1748.1370652004991 50.0
1748.1370652004991 50.0
1747.8188387622706 50.0
1747.023272666699 50.0
1747.1823858858133 50.0
1747.9779519813849 50.0
1748.6144048578424 50.0
1747.4210557144847 50.0
1748.5348482482852 50.0
1748.5348482482852 50.0
1747.2619424953705 50.0
1746.7050462284706 50.0
1747.8188387622706 50.0
1747.1823858858133 50.0
1745.5912536946712 50.0
1744.7956875991003 50.0
1743.8410082844157 50.0
1743.6818950653017 50.0
1742.5681025315039 50.0
1741.2951967785925 50.0
1741.2951967785925 50.0
1740.022291025682 50.0
1739.7040645874545 50.0
1738.749385272772 50.0
1740.1814042447959 50.0
1740.022291025682 50.0
1739.2267249301133 50.0
1738.5902720536585 50.0
1741.1360835594787 50.0
1740.6587439021373 50.0
1740.3405174639097 50.0
1740.4996306830235 50.0
1742.4089893123898 50.0
1740.6587439021373 50.0
1740.976970340365 50.0
1740.022291025682 50.0
1740.3405174639097 50.0
1739.385838149227 50.0
1738.2720456154311 50.0
1737.9538191772037 50.0
1737.476479519863 50.0
1736.8400266434085 50.0
1737.1582530816356 50.0
1736.8400266434085 50.0
1736.2035737669542 50.0
1735.2488944522731 50.0
1734.2942151375923 50.0
1733.9759886993654 50.0
1733.6577622611387 50.0
1733.021309384685 50.0
1731.9075168508919 50.0
1731.7484036317787 50.0
1732.384856508232 50.0
1732.0666300700052 50.0
1730.9528375362124 50.0
1730.4754978788728 50.0
1729.83904500242 50.0
1729.679931783307 50.0
1729.0434789068543 50.0
1728.0887995921757 50.0
1727.9296863730629 50.0
1726.8158938392717 50.0
1726.6567806201585 50.0
1726.3385541819327 50.0
1725.702101305481 50.0
1724.5883087716907 50.0
1724.1109691143522 50.0
1724.5883087716907 50.0
1723.9518558952393 50.0
1723.9518558952393 50.0
1723.7927426761266 50.0
1723.9518558952393 50.0
1723.3154030187882 50.0
1722.9971765805626 50.0
1722.678950142337 50.0
1722.678950142337 50.0
1722.2016104849988 50.0
1721.8833840467735 50.0
1721.7242708276608 50.0
1721.0878179512101 50.0
1720.530921684316 50.0
1720.530921684316 50.0
1720.2126952460906 50.0
1720.2126952460906 50.0
1719.5762423696403 50.0
1720.0535820269781 50.0
1719.4171291505277 50.0
1719.1784593218588 50.0
1718.3828932262963 50.0
1718.7011196645212 50.0
1717.8259969594026 50.0
1717.3486573020652 50.0
1716.075751549166 50.0
1715.2801854536042 50.0
1714.802845796267 50.0
1714.0868363102618 50.0
1713.2912702147007 50.0
1712.89348716692 50.0
1712.2570342904714 50.0
1712.0979210713592 50.0
1711.779694633135 50.0
1711.1432417566866 50.0
1710.9841285375744 50.0
1711.6205814140228 50.0
1711.6205814140228 50.0
1711.3023549757986 50.0
1711.1432417566866 50.0
1710.5067888802382 50.0
1710.347675661126 50.0
1710.188562442014 50.0
1709.5521095655658 50.0
1708.597430250894 50.0
1708.2792038126702 50.0
1708.597430250894 50.0
1708.1200905935582 50.0
1707.6427509362225 50.0
1707.1654112788867 50.0
1706.2107319642155 50.0
1705.892505525992 50.0
1705.4151658686565 50.0
1705.0969394304327 50.0
1704.7787129922094 50.0
1704.3013733348741 50.0
1704.1422601157624 50.0
1703.9831468966506 50.0
1703.0284675819805 50.0
1702.7102411437572 50.0
1702.0737882673106 50.0
1701.5964486099758 50.0
1701.7555618290874 50.0
1701.5964486099758 50.0
1700.6417692953064 50.0
1700.6417692953064 50.0
1700.6417692953064 50.0
1700.3235428570833 50.0
1700.0053164188603 50.0
1700.0053164188603 50.0
1699.5279767615257 50.0
1699.2097503233028 50.0
1699.5279767615257 50.0
1699.5279767615257 50.0
1699.8462031997487 50.0
1700.0053164188603 50.0
1700.1644296379718 50.0
1699.8462031997487 50.0
1699.5279767615257 50.0
1698.6528540564127 50.0
1698.811967275524 50.0
1698.811967275524 50.0
1698.3346276181896 50.0
1697.5390615226327 50.0
1696.5843822079646 50.0
1696.1070425506305 50.0
1695.4705896741852 50.0
1695.1523632359629 50.0
1694.8341367977405 50.0
1694.6750235786292 50.0
1694.3567971404066 50.0
1694.3567971404066 50.0
1693.4021178257394 50.0
1692.924778168406 50.0
1692.4474385110725 50.0
1691.810985634628 50.0
1690.8563063199615 50.0
1691.1745327581837 50.0
1690.8563063199615 50.0
1690.3789666626285 50.0
1689.9016270052955 50.0
1690.2198534435174 50.0
1689.981183614851 50.0
1689.6629571766289 50.0
1689.5038439575178 50.0
1689.344730738407 50.0
1689.344730738407 50.0
1688.5491646428522 50.0
1688.3900514237412 50.0
1688.3900514237412 50.0
1688.3900514237412 50.0
1688.0718249855192 50.0
1687.4353721090756 50.0
1686.7989192326322 50.0
1686.7989192326322 50.0
1686.4011361848552 50.0
1685.605570089301 50.0
1685.1282304319686 50.0
1684.6508907746363 50.0
1684.4917775555257 50.0
1684.4917775555257 50.0
1684.1735511173042 50.0
1684.1735511173042 50.0
1683.8553246790827 50.0
1683.0597585835292 50.0
1682.9006453644186 50.0
1682.980201973974 50.0
1682.741532145308 50.0
1682.3437490975314 50.0
1681.786852830644 50.0
1681.5481830019783 50.0
1680.911730125536 50.0
1681.229956563757 50.0
1680.991286735091 50.0
1680.3548338586488 50.0
1680.0366074204278 50.0
1679.0023714962094 50.0
1678.206805400657 50.0
1677.6499091337705 50.0
1676.6952298191081 50.0
1676.217890161777 50.0
1675.8996637235564 50.0
1675.5814372853356 50.0
1675.1040976280046 50.0
1673.9903050942326 50.0
1673.5925220464571 50.0
1673.3538522177917 50.0
1672.876512560461 50.0
1673.3538522177917 50.0
1671.9218332458 50.0
1670.8080407120287 50.0
1670.0124746164784 50.0
1668.1826725967128 50.0
1667.466663110718 50.0
1667.148436672498 50.0
1666.909766843833 50.0
1666.3528705769481 50.0
1665.8755309196185 50.0
1665.5573044813987 50.0
1665.3186346527339 50.0
1665.159521433624 50.0
1665.079964824069 50.0
1664.5230685571846 50.0
1664.045728899855 50.0
1663.6479458520805 50.0
1663.9661722903002 50.0
1663.6479458520805 50.0
1663.4092760234157 50.0
1663.7275024616354 50.0
1663.0910495851963 50.0
1663.4092760234157 50.0
1662.454596708757 50.0
1662.1363702705376 50.0
1661.6590306132084 50.0
1661.340804174989 50.0
1660.783907908105 50.0
1659.9883418125567 50.0
1659.0336624978988 50.0
1657.760756745022 50.0
1657.1243038685839 50.0
1656.408294382591 50.0
1655.6922848965983 50.0
1655.135388629715 50.0
1654.339822534168 50.0
1653.70336965773 50.0
1653.3851432195113 50.0
1652.9078035621833 50.0
1652.7486903430738 50.0
1652.6691337335192 50.0
1651.953124247527 50.0
1652.032680857082 50.0
1651.8735676379724 50.0
1651.3166713710898 50.0
1650.5211052755433 50.0
1649.8846523991062 50.0
1649.5664259608877 50.0
1648.929973084451 50.0
1649.0095296940056 50.0
1648.5321900366778 50.0
1648.2139635984595 50.0
1647.4183975029136 50.0
1646.7819446264768 50.0
1646.4637181882588 50.0
1645.8272653118222 50.0
1645.0316992162768 50.0
1644.0770199016224 50.0
1643.7587934634043 50.0
1642.8041141487504 50.0
1642.8041141487504 50.0
1641.8494348340967 50.0
1641.6903216149876 50.0
1641.1334253481064 50.0
1640.9743121289976 50.0
1640.8151989098885 50.0
1640.6560856907795 50.0
1640.1787460334529 50.0
1639.7809629856806 50.0
1639.5422931570174 50.0
1639.3831799379086 50.0
1639.3831799379086 50.0
1639.3831799379086 50.0
1638.5876138423641 50.0
1638.0307175754833 50.0
1637.394264699048 50.0
1637.394264699048 50.0
1637.553377918157 50.0
1637.394264699048 50.0
1636.5986986035043 50.0
1635.6440192888517 50.0
1634.6097833646452 50.0
1633.893773878656 50.0
1633.2573210022215 50.0
1632.3026416875696 50.0
1631.9844152493524 50.0
1631.8253020302438 50.0
1631.029735934701 50.0
1630.0750566200495 50.0
1629.597716962724 50.0
1628.8817074767355 50.0
1627.688358333422 50.0
1626.8927922378798 50.0
1626.5745657996629 50.0
1626.5745657996629 50.0
1625.778999704121 50.0
1625.3016600467956 50.0
1624.665207170362 50.0
1624.3469807321453 50.0
1623.5514146366038 50.0
1622.596735321954 50.0
1622.198952274183 50.0
1621.56249939775 50.0
1620.926046521317 50.0
1621.0056031308711 50.0
1620.289593644884 50.0
1619.494027549343 50.0
1619.1758011111267 50.0
1618.9371312824642 50.0
1617.9028953582613 50.0
1617.1073292627204 50.0
1616.629989605396 50.0
1616.8686594340584 50.0
1616.7095462149503 50.0
1616.391319776734 50.0
1615.9139801194096 50.0
1615.1184140238693 50.0
1614.243291318775 50.0
1612.9703855659109 50.0
1612.4134892990328 50.0
1611.299696765277 50.0
1610.8223571079532 50.0
1610.1859042315214 50.0
1609.3107815264277 50.0
1608.8334418691043 50.0
1608.6743286499964 50.0
1608.6743286499964 50.0
1608.2765456022266 50.0
1608.5947720404424 50.0
1607.878762554457 50.0
1607.4014228971334 50.0
1607.2423096780255 50.0
1606.4467435824863 50.0
1606.2876303633784 50.0
1605.9694039251629 50.0
1605.3329510487317 50.0
1604.6169415627467 50.0
1604.457828343639 50.0
1604.298715124531 50.0
1603.9804886863155 50.0
1603.9804886863155 50.0
1603.3440358098846 50.0
1603.3440358098846 50.0
1603.0258093716693 50.0
1603.0258093716693 50.0
1602.7075829334538 50.0
1602.2302432761305 50.0
1602.3893564952382 50.0
1602.0711300570229 50.0
1601.5937903996999 50.0
1601.1164507423766 50.0
1600.3208846468383 50.0
1600.1617714277306 50.0
1599.5253185513002 50.0
1599.3662053321925 50.0
1598.4115260175467 50.0
1598.1728561888854 50.0
1598.4910826271005 50.0
1598.252412798439 50.0
1598.1728561888854 50.0
1598.0137429697777 50.0
1598.0137429697777 50.0
1597.8546297506703 50.0
1598.0137429697777 50.0
1597.0590636551321 50.0
1597.2181768742398 50.0
1596.5817239978096 50.0
1597.0590636551321 50.0
1596.5817239978096 50.0
1596.5817239978096 50.0
1596.3430541691482 50.0
1596.1043843404868 50.0
1595.7861579022717 50.0
1595.388374854503 50.0
1595.0701484162878 50.0
1594.672365368519 50.0
1594.5132521494115 50.0
1594.1950257111964 50.0
1594.2745823207501 50.0
1594.1154691016427 50.0
1593.8767992729815 50.0
1593.7972426634278 50.0
1593.4790162252127 50.0
1593.399459615659 50.0
1593.399459615659 50.0
1593.0016765678904 50.0
1592.6834501296753 50.0
1592.6834501296753 50.0
1592.206110472353 50.0
1592.0469972532455 50.0
1591.4901009863695 50.0
1591.4901009863695 50.0
1591.1718745481546 50.0
1591.0127613290472 50.0
1590.6945348908323 50.0
1590.21719523351 50.0
1589.8989687952953 50.0
1589.8194121857416 50.0
1590.1376386239563 50.0
1589.9785254048488 50.0
1589.6602989666342 50.0
1589.5011857475267 50.0
1589.5011857475267 50.0
1589.5011857475267 50.0
1588.7056196519898 50.0
1588.5465064328826 50.0
1588.387393213775 50.0
1588.0691667755602 50.0
1587.9896101660067 50.0
1587.9896101660067 50.0
1587.7509403373456 50.0
1587.2736006800235 50.0
1586.7962610227016 50.0
1586.716704413148 50.0
1586.2393647558258 50.0
1585.284685441182 50.0
1585.284685441182 50.0
1584.8073457838602 50.0
1584.6482325647528 50.0
1584.0117796883237 50.0
1583.0571003736802 50.0
1582.4206474972511 50.0
1582.1024210590367 50.0
1581.4659681826079 50.0
1581.06818513484 50.0
1580.6704020870718 50.0
1580.3521756488574 50.0
1580.033949210643 50.0
1579.3974963342143 50.0
1579.079269896 50.0
1578.7610434577857 50.0
1578.124590581357 50.0
1577.6472509240357 50.0
1577.3290244858213 50.0
1577.010798047607 50.0
1576.3743451711787 50.0
1576.0561187329645 50.0
1575.8970055138573 50.0
1575.4196658565359 50.0
1574.4649865418935 50.0
1573.7489770559116 50.0
1573.192080789037 50.0
1572.8738543508227 50.0
1572.316958083948 50.0
1571.998731645734 50.0
1571.6009485979666 50.0
1571.7600618170736 50.0
1571.1236089406455 50.0
1570.9644957215385 50.0
1570.3280428451105 50.0
1569.6915899686824 50.0
1569.3733635304684 50.0
1569.0551370922544 50.0
1568.7369106540407 50.0
1568.7369106540407 50.0
1567.6231181202918 50.0
1567.4640049011848 50.0
1566.986665243864 50.0
1566.986665243864 50.0
1566.66843880565 50.0
1565.8728727101156 50.0
1565.3955330527947 50.0
1565.236419833688 50.0
1564.918193395474 50.0
1564.5999669572602 50.0
1564.3612971286 50.0
1564.202183909493 50.0
1563.7248442521723 50.0
1562.929278156638 50.0
1563.0088347661913 50.0
1562.372381889764 50.0
1562.6906083279775 50.0
1562.213268670657 50.0
1561.8950422324433 50.0
1561.7359290133365 50.0
1561.4177025751228 50.0
1561.258589356016 50.0
1560.6221364795886 50.0
1560.3039100413748 50.0
1560.144796822268 50.0
1559.8265703840543 50.0
1559.190117507627 50.0
1558.7127778503066 50.0
1558.5536646311998 50.0
1558.3945514120928 50.0
1558.0763249738793 50.0
1557.439872097452 50.0
1557.5989853165588 50.0
1557.1216456592383 50.0
1557.1216456592383 50.0
1556.644306001918 50.0
1556.4851927828113 50.0
1556.007853125491 50.0
1555.8487399063843 50.0
1555.5305134681705 50.0
1555.212287029957 50.0
1554.8940605917435 50.0
1554.0984944962097 50.0
1553.3824850102294 50.0
1552.4278056955889 50.0
1551.791352819162 50.0
1551.791352819162 50.0
1551.4731263809485 50.0
1550.3593338472017 50.0
1549.5637677516681 50.0
1548.9273148752413 50.0
1548.9273148752413 50.0
1548.847758265688 50.0
1548.0521921701547 50.0
1547.893078951048 50.0
1547.5748525128347 50.0
1547.5748525128347 50.0
1547.415739293728 50.0
1547.0975128555147 50.0
1546.6201731981946 50.0
1546.1428335408748 50.0
1545.6654938835547 50.0
1545.188154226235 50.0
1544.8699277880216 50.0
1544.5517013498084 50.0
1544.0743616924883 50.0
1543.9152484733818 50.0
1543.437908816062 50.0
1542.9605691587421 50.0
1542.8014559396354 50.0
1542.483229501422 50.0
1541.8467766249958 50.0
1541.6876634058892 50.0
1541.2103237485694 50.0
1540.8920973103561 50.0
1540.7329840912496 50.0
1540.2556444339298 50.0
1540.2556444339298 50.0
1540.1760878243765 50.0
1540.01697460527 50.0
1539.8578613861634 50.0
1539.5396349479502 50.0
1539.3805217288436 50.0
1539.221408509737 50.0
1539.5396349479502 50.0
1539.3009651192904 50.0
1538.346285804651 50.0
1537.3916064900116 50.0
1536.914266832692 50.0
1536.4369271753724 50.0
1535.482247860733 50.0
1535.482247860733 50.0
1534.3684553269873 50.0
1534.0502288887742 50.0
1533.7320024505611 50.0
1533.5728892314546 50.0
1533.2546627932416 50.0
1533.095549574135 50.0
1532.6182099168154 50.0
1531.822643821283 50.0
1531.186190944857 50.0
1530.867964506644 50.0
1530.549738068431 50.0
1529.7541719728986 50.0
1528.9586058773662 50.0
1528.640379439153 50.0
1527.0492472480885 50.0
1526.2536811525563 50.0
1525.9354547143432 50.0
1525.2990018379173 50.0
1524.5034357423851 50.0
1523.8669828659595 50.0
1523.38964320864 50.0
1523.0714167704273 50.0
1522.9123035513207 50.0
1521.7985110175757 50.0
1521.7985110175757 50.0
1521.480284579363 50.0
1521.0029449220435 50.0
1520.3664920456179 50.0
1519.4118127309794 50.0
1518.7753598545537 50.0
1517.343340882596 50.0
1516.4682181775108 50.0
1516.3091049584043 50.0
1515.5135388628723 50.0
1514.8770859864467 50.0
1514.7179727673404 50.0
1514.5588595482338 50.0
1513.7632934527019 50.0
1513.1268405762764 50.0
1512.4903876998508 50.0
1511.853934823425 50.0
1511.2174819469997 50.0
1510.2628026323614 50.0
1509.308123317723 50.0
1508.6716704412975 50.0
1507.8761043457655 50.0
1507.3987646884464 50.0
1506.9214250311272 50.0
1505.966745716489 50.0
1505.4894060591698 50.0
1505.1711796209572 50.0
1504.0573870872124 50.0
1503.7391606489998 50.0
1502.6253681152552 50.0
1501.670688800617 50.0
1501.1933491432978 50.0
1500.875122705085 50.0
1499.6022169522341 50.0
1498.4884244184896 50.0
1497.6928583229576 50.0
1496.7381790083193 50.0
1496.4199525701067 50.0
1495.783499693681 50.0
1494.8288203790428 50.0
1494.1923675026173 50.0
1493.3968014070854 50.0
1492.9194617497662 50.0
1492.76034853066 50.0
1491.8056692160217 50.0
1490.214537024958 50.0
1489.5780841485323 50.0
1488.4642916147875 50.0
1487.827838738362 50.0
1486.8731594237236 50.0
1485.6002536708725 50.0
1484.645574356234 50.0
1484.0091214798085 50.0
1483.2135553842763 50.0
1482.4179892887444 50.0
1482.258876069638 50.0
1481.6224231932124 50.0
1481.3041967549996 50.0
1480.1904042212545 50.0
1479.235724906616 50.0
1478.5992720301904 50.0
1478.121932372871 50.0
1477.8037059346582 50.0
1477.4854794964454 50.0
1476.8490266200197 50.0
1476.0534605244873 50.0
1475.5761208671681 50.0
1474.4623283334229 50.0
1473.9849886761035 50.0
1472.7120829232517 50.0
1472.0756300468258 50.0
1470.9618375130806 50.0
1470.1662714175482 50.0
1469.3707053220157 50.0
1468.8933656646964 50.0
1468.49558261693 50.0
1467.859129740504 50.0
1466.904450425865 50.0
1467.0635636449715 50.0
1466.7453372067584 50.0
1465.4724314539062 50.0
1465.1542050156932 50.0
1464.6768653583736 50.0
1464.3586389201605 50.0
1463.2448463864146 50.0
1462.1310538526689 50.0
1461.8128274144556 50.0
1461.4946009762425 50.0
1460.8581480998162 50.0
1460.0625820042833 50.0
1459.5852423469635 50.0
1459.1079026896439 50.0
1458.4714498132173 50.0
1457.834996936791 50.0
1457.516770498578 50.0
1457.1985440603646 50.0
1456.8803176221513 50.0
1456.7212044030448 50.0
1456.4029779648315 50.0
1456.4029779648315 50.0
1456.0847515266182 50.0
1455.766525088405 50.0
1455.9256383075117 50.0
1455.1300722119784 50.0
1454.811845773765 50.0
1454.3345061164453 50.0
1454.1753928973387 50.0
1453.6980532400187 50.0
1453.3798268018054 50.0
1452.9024871444853 50.0
1452.2660342680588 50.0
1452.2660342680588 50.0
1452.2660342680588 50.0
1452.106921048952 50.0
1451.629581391632 50.0
1450.6749020769919 50.0
1450.6749020769919 50.0
1450.3566756387786 50.0
1450.038449200565 50.0
1449.4019963241383 50.0
1449.4815529336918 50.0
1449.0042132763715 50.0
1448.6859868381582 50.0
1448.3677603999447 50.0
1448.3677603999447 50.0
1447.8904207426244 50.0
1447.731307523518 50.0
1446.6175149897706 50.0
1446.6175149897706 50.0
1446.4584017706638 50.0
1446.6175149897706 50.0
1446.5379583802173 50.0
1445.9015055037903 50.0
1446.060618722897 50.0
1446.060618722897 50.0
1445.5832790655768 50.0
1445.5832790655768 50.0
1445.5832790655768 50.0
1445.42416584647 50.0
1445.1059394082565 50.0
1444.6285997509362 50.0
1444.6285997509362 50.0
1444.6285997509362 50.0
1444.4694865318295 50.0
1444.1512600936157 50.0
1443.8330336554022 50.0
1443.5148072171887 50.0
1443.8330336554022 50.0
1443.8330336554022 50.0
1443.6739204362955 50.0
1443.5148072171887 50.0
1443.6739204362955 50.0
1443.5148072171887 50.0
1443.5148072171887 50.0
1443.5148072171887 50.0
1443.355693998082 50.0
1443.355693998082 50.0
1443.355693998082 50.0
1443.1965807789752 50.0
1443.1965807789752 50.0
1443.1965807789752 50.0
1443.355693998082 50.0
1443.355693998082 50.0
1443.355693998082 50.0
1443.6739204362955 50.0
1443.6739204362955 50.0
1443.5148072171887 50.0
1443.0374675598684 50.0
1443.0374675598684 50.0
1443.0374675598684 50.0
1442.8783543407617 50.0
1442.8783543407617 50.0
1442.8783543407617 50.0
1442.8783543407617 50.0
1442.8783543407617 50.0
1442.8783543407617 50.0
1442.8783543407617 50.0
1442.8783543407617 50.0
1442.8783543407617 50.0
1442.8783543407617 50.0
1442.560127902548 50.0
1442.560127902548 50.0
1442.560127902548 50.0
