jSOa
1570.08937301645 50.0
1609.8676777933056 50.0
1416.0677769212298 50.0
1427.842155135159 50.0
1444.8672695795963 50.0
1381.5402083748602 50.0
1420.6820602753392 50.0
1457.2781006699179 50.0
1401.270247544238 50.0
1442.3214580738877 50.0
1461.4150443666892 50.0
1426.5692493823026 50.0
1442.0032316356742 50.0
1467.4613466927376 50.0
1435.797816090507 50.0
1452.6638173158253 50.0
1468.4160260073768 50.0
1440.7303258828197 50.0
1459.1874592991971 50.0
1435.4795896522933 50.0
1441.5258919783537 50.0
1453.9367230686787 50.0
1436.9116086242552 50.0
1442.0032316356742 50.0
1449.9588925910118 50.0
1437.3889482815757 50.0
1446.935741427984 50.0
1459.0283460800906 50.0
1440.0938730063922 50.0
1453.6184966304654 50.0
1462.0514972431154 50.0
1445.8219488942368 50.0
1454.8914023833186 50.0
1460.9377047093694 50.0
1449.9588925910118 50.0
1455.8460816979582 50.0
1465.2337616252464 50.0
1454.0958362877852 50.0
1458.5510064227708 50.0
1465.8702145016725 50.0
1453.9367230686787 50.0
1458.7101196418773 50.0
1465.2337616252464 50.0
1457.9145535463442 50.0
1465.392874844353 50.0
1469.8480449793353 50.0
1463.9608558723942 50.0
1467.6204599118441 50.0
1472.393856485039 50.0
1463.4835162150744 50.0
1470.3253846366547 50.0
1473.5076490187842 50.0
1481.9406496314252 50.0
1475.0987812098488 50.0
1483.850008260702 50.0
1488.4642916147875 50.0
1481.145083535893 50.0
1485.9184801090853 50.0
1492.442122092447 50.0
1486.8731594237236 50.0
1489.7371973676386 50.0
1494.1923675026173 50.0
1487.827838738362 50.0
1488.4642916147875 50.0
1490.691876682277 50.0
1486.7140462046173 50.0
1487.9869519574684 50.0
1490.3736502440643 50.0
1485.7593668899788 50.0
1488.7825180530003 50.0
1489.8963105867451 50.0
1491.0101031204897 50.0
1484.9638007944468 50.0
1485.9184801090853 50.0
1485.2820272326596 50.0
1479.8721777830417 50.0
1479.235724906616 50.0
1481.3041967549996 50.0
1477.1672530582325 50.0
1478.121932372871 50.0
1480.1904042212545 50.0
1480.349517440361 50.0
1475.5761208671681 50.0
1477.3263662773388 50.0
1480.667743878574 50.0
1476.2125737435938 50.0
1479.235724906616 50.0
1482.258876069638 50.0
1476.8490266200197 50.0
1477.3263662773388 50.0
1478.121932372871 50.0
1480.667743878574 50.0
1475.4170076480616 50.0
1476.0534605244873 50.0
1474.9396679907422 50.0
1470.1662714175482 50.0
1471.4391771704002 50.0
1473.0303093614648 50.0
1473.5076490187842 50.0
1466.8248938163117 50.0
1471.4391771704002 50.0
1473.0303093614648 50.0
1467.1431202545248 50.0
1466.5066673780987 50.0
1468.8933656646964 50.0
1466.9840070354182 50.0
1463.0061765577548 50.0
1462.8470633386482 50.0
1462.2106104622221 50.0
1458.7101196418773 50.0
1457.4372138890244 50.0
1458.5510064227708 50.0
1457.7554403272377 50.0
1454.8914023833186 50.0
1455.3687420406384 50.0
1455.2096288215319 50.0
1458.391893203664 50.0
1455.5278552597451 50.0
1455.6869684788517 50.0
1458.073666765451 50.0
1454.7322891642118 50.0
1456.9598742317046 50.0
1458.391893203664 50.0
1459.0283460800906 50.0
1455.5278552597451 50.0
1456.1643081361715 50.0
1456.9598742317046 50.0
1457.9145535463442 50.0
1454.7322891642118 50.0
1455.3687420406384 50.0
1455.2096288215319 50.0
1455.3687420406384 50.0
1451.2317983438652 50.0
1451.5500247820787 50.0
1452.9820437540386 50.0
1449.322439714585 50.0
1449.799779371905 50.0
1449.6406661527983 50.0
1449.6406661527983 50.0
1446.4584017706638 50.0
1447.5721943044111 50.0
1447.731307523518 50.0
1448.3677603999447 50.0
1443.4352506076352 50.0
1444.5490431413828 50.0
1444.389929922276 50.0
1444.5490431413828 50.0
1442.4805712929945 50.0
1442.162344854781 50.0
1442.3214580738877 50.0
1444.389929922276 50.0
1441.8441184165674 50.0
1441.2076655401402 50.0
1440.8894391019264 50.0
1440.412099444606 50.0
1439.457420129965 50.0
1436.4342689669345 50.0
1436.1160425287208 50.0
1434.3657971185448 50.0
1435.0022499949725 50.0
1432.6155517083685 50.0
1431.9790988319407 50.0
1432.6155517083685 50.0
1431.6608723937268 50.0
1429.433287326229 50.0
1431.3426459555128 50.0
1431.9790988319407 50.0
1433.2520045847964 50.0
1430.8653062981919 50.0
1431.5017591746198 50.0
1432.2973252701547 50.0
1433.0928913656894 50.0
1433.7293442421171 50.0
1431.8199856128338 50.0
1430.706193079085 50.0
1430.0697402026572 50.0
1430.706193079085 50.0
1428.637721230694 50.0
1429.751513764443 50.0
1431.9790988319407 50.0
1431.3426459555128 50.0
1431.6608723937268 50.0
1430.0697402026572 50.0
1429.433287326229 50.0
1430.8653062981919 50.0
1431.183532736406 50.0
1431.183532736406 50.0
1429.433287326229 50.0
1430.8653062981919 50.0
1430.8653062981919 50.0
1431.024419517299 50.0
1431.6608723937268 50.0
1430.3879666408711 50.0
1430.8653062981919 50.0
1431.6608723937268 50.0
1432.7746649274754 50.0
1429.91062698355 50.0
1430.2288534217641 50.0
1430.706193079085 50.0
1431.3426459555128 50.0
1432.9337781465824 50.0
1435.3204764331863 50.0
1433.888457461224 50.0
1435.1613632140793 50.0
1435.3204764331863 50.0
1435.3204764331863 50.0
1435.797816090507 50.0
1433.7293442421171 50.0
1432.6155517083685 50.0
1433.0928913656894 50.0
1434.5249103376518 50.0
1436.2751557478277 50.0
1434.6840235567586 50.0
1434.8431367758656 50.0
1435.4795896522933 50.0
1436.2751557478277 50.0
1437.5480615006827 50.0
1435.6387028714 50.0
1437.229835062469 50.0
1438.343627596217 50.0
1437.7071747197895 50.0
1437.7071747197895 50.0
1439.6165333490717 50.0
1437.3889482815757 50.0
1438.343627596217 50.0
1438.8209672535374 50.0
1439.298306910858 50.0
1440.412099444606 50.0
1440.7303258828197 50.0
1438.8209672535374 50.0
1439.6165333490717 50.0
1439.298306910858 50.0
1439.7756465681787 50.0
1440.412099444606 50.0
1440.5712126637127 50.0
1438.1845143771102 50.0
1439.9347597872854 50.0
1440.5712126637127 50.0
1441.2076655401402 50.0
1442.3214580738877 50.0
1442.0032316356742 50.0
1442.4805712929945 50.0
1441.2076655401402 50.0
1442.957910950315 50.0
1444.7081563604895 50.0
1446.4584017706638 50.0
1447.731307523518 50.0
1449.322439714585 50.0
1447.8904207426244 50.0
1447.2539678661976 50.0
1447.4130810853044 50.0
1448.208647180838 50.0
1449.799779371905 50.0
1452.5047040967188 50.0
1452.5047040967188 50.0
1451.7091380011855 50.0
1452.0273644393988 50.0
1453.300270192252 50.0
1454.0958362877852 50.0
1455.6869684788517 50.0
1457.2781006699179 50.0
1458.2327799845575 50.0
1459.98302539473 50.0
1458.7101196418773 50.0
1461.096817928476 50.0
1462.3697236813287 50.0
1463.6426294341811 50.0
1464.2790823106072 50.0
1464.5973087488203 50.0
1468.0977995691637 50.0
1470.4844978557612 50.0
1469.8480449793353 50.0
1470.6436110748677 50.0
1470.3253846366547 50.0
1472.393856485039 50.0
1472.5529697041454 50.0
1473.825875456997 50.0
1474.3032151143163 50.0
1474.4623283334229 50.0
1473.825875456997 50.0
1475.0987812098488 50.0
1475.5761208671681 50.0
1476.3716869627003 50.0
1477.6445927155517 50.0
1478.121932372871 50.0
1480.0312910021482 50.0
1480.667743878574 50.0
1481.3041967549996 50.0
1482.577102507851 50.0
1481.9406496314252 50.0
1483.05444216517 50.0
1484.645574356234 50.0
1486.8731594237236 50.0
1486.7140462046173 50.0
1486.554932985511 50.0
1487.827838738362 50.0
1487.9869519574684 50.0
1487.9869519574684 50.0
1487.827838738362 50.0
1486.8731594237236 50.0
1486.2367065472981 50.0
1487.5096123001492 50.0
1487.5096123001492 50.0
1487.9869519574684 50.0
1487.9869519574684 50.0
1488.9416312721069 50.0
1489.1007444912132 50.0
1490.214537024958 50.0
1490.691876682277 50.0
1491.8056692160217 50.0
1491.4874427778088 50.0
1492.442122092447 50.0
1492.2830088733408 50.0
1491.4874427778088 50.0
1491.4874427778088 50.0
1491.4874427778088 50.0
1490.5327634631706 50.0
1490.5327634631706 50.0
1490.5327634631706 50.0
1490.691876682277 50.0
1490.691876682277 50.0
1491.6465559969154 50.0
1491.8056692160217 50.0
1492.6012353115536 50.0
1493.237688187979 50.0
1493.8741410644045 50.0
1494.9879335981493 50.0
1495.783499693681 50.0
1495.6243864745747 50.0
1496.7381790083193 50.0
1498.0110847611704 50.0
1499.124877294915 50.0
1498.1701979802767 50.0
1497.6928583229576 50.0
1497.851971542064 50.0
1498.9657640758087 50.0
1498.8066508567022 50.0
1500.3977830477659 50.0
1500.5568962668724 50.0
1500.5568962668724 50.0
1502.148028457936 50.0
1503.420934210787 50.0
1506.2849721547018 50.0
1507.3987646884464 50.0
1509.1490100986166 50.0
1511.0583687278931 50.0
1511.853934823425 50.0
1511.5357083852125 50.0
1512.3312744807445 50.0
1513.445067014489 50.0
1513.7632934527019 50.0
1514.5588595482338 50.0
1514.8770859864467 50.0
1516.4682181775108 50.0
1516.94555783483 50.0
1517.9002371494685 50.0
1518.5366900258941 50.0
1519.332256121426 50.0
1519.8095957787455 50.0
1520.764275093384 50.0
1521.5598411889162 50.0
1522.3554072844483 50.0
1522.991860160874 50.0
1522.991860160874 50.0
1523.7874262564062 50.0
1523.3100865990868 50.0
1523.3100865990868 50.0
1522.8327469417675 50.0
1523.6283130372997 50.0
1525.2194452283643 50.0
1525.85589810479 50.0
1525.3785584474706 50.0
1526.174124543003 50.0
1526.9696906385352 50.0
1526.9696906385352 50.0
1527.606143514961 50.0
1527.4470302958546 50.0
1528.879049267813 50.0
1528.879049267813 50.0
1528.5608228295998 50.0
1528.4017096104935 50.0
1528.242596391387 50.0
1528.0834831722805 50.0
1528.7199360487064 50.0
1529.0381624869194 50.0
1529.5155021442388 50.0
1529.9928418015581 50.0
1529.6746153633453 50.0
1529.3563889251323 50.0
1529.8337285824518 50.0
1529.8337285824518 50.0
1530.1519550206647 50.0
1530.6292946779843 50.0
1530.7884078970908 50.0
1531.1066343353036 50.0
1530.7884078970908 50.0
1531.9022004308363 50.0
1532.2204268690493 50.0
1533.3342194027948 50.0
1533.6524458410079 50.0
1533.8115590601144 50.0
1534.607125155647 50.0
1534.9253515938601 50.0
1534.1297854983275 50.0
1534.607125155647 50.0
1534.1297854983275 50.0
1533.8115590601144 50.0
1534.7662383747536 50.0
1534.7662383747536 50.0
1535.0844648129666 50.0
1536.6755970040322 50.0
1536.1982573467124 50.0
1536.0391441276058 50.0
1536.8347102231387 50.0
1537.4711630995648 50.0
1538.7440688524173 50.0
1539.8578613861634 50.0
1539.698748167057 50.0
1539.8578613861634 50.0
1539.698748167057 50.0
1540.1760878243765 50.0
1541.926333234549 50.0
1541.926333234549 50.0
1543.8356918638285 50.0
1545.2677108357882 50.0
1545.9041637122148 50.0
1546.699729807748 50.0
1547.0179562459614 50.0
1547.4952959032812 50.0
1547.9726355606012 50.0
1547.8135223414947 50.0
1547.9726355606012 50.0
1546.8588430268546 50.0
1546.699729807748 50.0
1546.3815033695346 50.0
1547.177069465068 50.0
1547.8135223414947 50.0
1547.9726355606012 50.0
1547.9726355606012 50.0
1548.2908619988145 50.0
1548.9273148752413 50.0
1549.4046545325614 50.0
1549.4046545325614 50.0
1548.9273148752413 50.0
1549.5637677516681 50.0
1549.4046545325614 50.0
1548.7682016561348 50.0
1550.200220628095 50.0
1550.8366735045217 50.0
1550.0411074089882 50.0
1550.200220628095 50.0
1550.0411074089882 50.0
1549.4046545325614 50.0
1550.200220628095 50.0
1551.1548999427353 50.0
1551.4731263809485 50.0
1550.9957867236285 50.0
1550.8366735045217 50.0
1550.8366735045217 50.0
1553.064258572016 50.0
1552.5869189146956 50.0
1552.5869189146956 50.0
1551.9504660382688 50.0
1551.6322396000553 50.0
1552.9051453529091 50.0
1552.268692476482 50.0
1552.5869189146956 50.0
1552.4278056955889 50.0
1551.791352819162 50.0
1552.7460321338024 50.0
1552.268692476482 50.0
1552.268692476482 50.0
1552.7460321338024 50.0
1552.9051453529091 50.0
1552.9051453529091 50.0
1553.2233717911226 50.0
1554.33716432487 50.0
1554.0189378866564 50.0
1554.6553907630835 50.0
1556.4851927828113 50.0
1557.3603154878986 50.0
1557.2807588783453 50.0
1557.2012022687918 50.0
1559.4287873362873 50.0
1559.9061269936078 50.0
1560.542579870035 50.0
1561.0199195273558 50.0
1564.7590801763672 50.0
1564.2817405190465 50.0
1562.8497215470845 50.0
1563.8839574712792 50.0
1564.202183909493 50.0
1564.202183909493 50.0
1564.3612971286 50.0
1564.3612971286 50.0
1565.7933161005622 50.0
1565.9524293196691 50.0
1565.6342028814552 50.0
1565.1568632241344 50.0
1566.111542538776 50.0
1565.7933161005622 50.0
1566.2706557578829 50.0
1567.2253350725246 50.0
1567.3844482916315 50.0
1566.827552024757 50.0
1567.145778462971 50.0
1568.1004577776127 50.0
1568.4186842158267 50.0
1568.4186842158267 50.0
1569.3733635304684 50.0
1568.8960238731474 50.0
1568.7369106540407 50.0
1569.2142503113614 50.0
1570.4871560642175 50.0
1570.566712673771 50.0
1569.5324767495754 50.0
1570.4871560642175 50.0
1570.0098164068966 50.0
1569.3733635304684 50.0
1571.6009485979666 50.0
1571.1236089406455 50.0
1571.1236089406455 50.0
1571.4418353788594 50.0
1571.5213919884131 50.0
1571.203165550199 50.0
1571.998731645734 50.0
1572.6351845221623 50.0
1571.998731645734 50.0
1572.316958083948 50.0
1573.4307506176974 50.0
1574.0672034941258 50.0
1574.2263167132328 50.0
1573.9080902750186 50.0
1576.135675342518 50.0
1576.7721282189464 50.0
1577.7268075335892 50.0
1578.9201566768927 50.0
1579.3179397246608 50.0
1580.1135058201967 50.0
1580.7499586966255 50.0
1581.06818513484 50.0
1581.7046380112688 50.0
1582.659317325912 50.0
1582.8184305450193 50.0
1584.5686759551993 50.0
1584.7277891743065 50.0
1585.762025098504 50.0
1585.762025098504 50.0
1585.9211383176112 50.0
1587.6713837277919 50.0
1587.5122705086847 50.0
1589.0238460902046 50.0
1588.626063042436 50.0
1590.6149782812786 50.0
1592.3652236914604 50.0
1591.7287708150307 50.0
1592.9221199583367 50.0
1592.763006739229 50.0
1594.5928087589652 50.0
1595.1497050258415 50.0
1597.2977334837935 50.0
1597.536403312455 50.0
1599.9231015990692 50.0
1600.002658208623 50.0
1601.8324602283612 50.0
1605.1738378296238 50.0
1606.2876303633784 50.0
1608.8334418691043 50.0
1609.15166830732 50.0
1609.4698947455358 50.0
1610.3450174506293 50.0
1610.981470327061 50.0
1610.7428004983992 50.0
1610.8223571079532 50.0
1610.5041306697372 50.0
1610.4245740601832 50.0
1611.061026936615 50.0
1611.8565930321547 50.0
1611.220140155723 50.0
1612.4930459085867 50.0
1613.2090553945727 50.0
1615.5161970716395 50.0
1615.9139801194096 50.0
1616.9482160436123 50.0
1616.8686594340584 50.0
1617.9824519678152 50.0
1618.778018063356 50.0
1620.6873766926547 50.0
1621.2442729595334 50.0
1621.2442729595334 50.0
1621.8011692264124 50.0
1621.482942788196 50.0
1622.8354051506162 50.0
1622.755848541062 50.0
1623.4718580270496 50.0
1623.0740749792787 50.0
1623.8696410748205 50.0
1624.3469807321453 50.0
1625.3016600467956 50.0
1626.7336790187712 50.0
1626.5745657996629 50.0
1627.8474715525304 50.0
1627.370131895205 50.0
1626.3358959710004 50.0
1627.9270281620848 50.0
1627.4496885047593 50.0
1628.2452546003017 50.0
1628.8817074767355 50.0
1628.2452546003017 50.0
1629.040820695844 50.0
1629.1999339149527 50.0
1629.7568301818324 50.0
1631.1092925442551 50.0
1630.5523962773752 50.0
1631.5070755920265 50.0
1631.3479623729181 50.0
1631.1092925442551 50.0
1631.5866322015809 50.0
1632.5413115162326 50.0
1633.2573210022215 50.0
1633.5755474404386 50.0
1634.2120003168734 50.0
1633.893773878656 50.0
1634.0528870977648 50.0
1634.7688965837538 50.0
1635.5644626792973 50.0
1636.5986986035043 50.0
1637.553377918157 50.0
1638.1898307945921 50.0
1639.0649534996908 50.0
1640.1787460334529 50.0
1641.3720951767698 50.0
1640.9743121289976 50.0
1642.247217881869 50.0
1644.474802949395 50.0
1645.4294822640495 50.0
1645.1112558258314 50.0
1646.6228314073678 50.0
1647.1001710646951 50.0
1647.1001710646951 50.0
1647.2592842838044 50.0
1647.1797276742498 50.0
1648.4526334271231 50.0
1650.2028788373248 50.0
1649.9642090086609 50.0
1650.7597751042072 50.0
1650.7597751042072 50.0
1651.078001542426 50.0
1651.7144544188632 50.0
1651.3962279806444 50.0
1651.078001542426 50.0
1652.032680857082 50.0
1652.8282469526284 50.0
1653.6238130481754 50.0
1652.430463904855 50.0
1651.8735676379724 50.0
1651.475784590199 50.0
1651.6348978093085 50.0
1651.953124247527 50.0
1652.5895771239645 50.0
1652.9078035621833 50.0
1652.9078035621833 50.0
1652.430463904855 50.0
1652.430463904855 50.0
1652.9078035621833 50.0
1652.5895771239645 50.0
1653.8624828768395 50.0
1654.6580489723867 50.0
1655.6127282870434 50.0
1654.8967188010508 50.0
1654.8171621914962 50.0
1654.7376055819414 50.0
1654.578492362832 50.0
1654.4193791437226 50.0
1653.9420394863944 50.0
1654.578492362832 50.0
1654.9762754106057 50.0
1654.6580489723867 50.0
1655.135388629715 50.0
1654.9762754106057 50.0
1655.135388629715 50.0
1654.8171621914962 50.0
1655.135388629715 50.0
1655.135388629715 50.0
1655.0558320201603 50.0
1654.8967188010508 50.0
1654.7376055819414 50.0
1655.0558320201603 50.0
1655.5331716774888 50.0
1656.8060774303647 50.0
1656.6469642112552 50.0
1656.72652082081 50.0
1657.2038604781387 50.0
1657.044747259029 50.0
1657.9994265736864 50.0
1658.158539792796 50.0
1658.7949926692345 50.0
1659.829228593447 50.0
1660.6247946889953 50.0
1660.9430211272147 50.0
1660.5452380794404 50.0
1661.340804174989 50.0
1662.2954834896473 50.0
1661.6590306132084 50.0
1661.340804174989 50.0
1662.613709927867 50.0
1662.454596708757 50.0
1662.2954834896473 50.0
1662.9319363660863 50.0
1663.0910495851963 50.0
1662.2954834896473 50.0
1662.1363702705376 50.0
1662.613709927867 50.0
1662.1363702705376 50.0
1661.6590306132084 50.0
1660.783907908105 50.0
1661.0225777367696 50.0
1661.1816909558793 50.0
1661.340804174989 50.0
1661.1816909558793 50.0
1661.8181438323181 50.0
1661.6590306132084 50.0
1661.340804174989 50.0
1662.2954834896473 50.0
1662.7728231469766 50.0
1662.1363702705376 50.0
1661.0225777367696 50.0
1661.897700441873 50.0
1661.4999173940987 50.0
1661.1816909558793 50.0
1661.0225777367696 50.0
1661.1021343463244 50.0
1661.0225777367696 50.0
1661.0225777367696 50.0
1660.227011641221 50.0
1660.3861248603307 50.0
1659.5905587647824 50.0
1658.8745492787891 50.0
1658.0789831832412 50.0
1657.840313354577 50.0
1657.3629736972482 50.0
1657.1243038685839 50.0
1657.3629736972482 50.0
1657.2038604781387 50.0
1656.9651906494744 50.0
1657.5220869163577 50.0
1656.408294382591 50.0
1656.6469642112552 50.0
1656.8856340399195 50.0
1658.158539792796 50.0
1658.55632284057 50.0
1659.351888936118 50.0
1659.1927757170083 50.0
1659.9883418125567 50.0
1660.1474550316664 50.0
1659.6701153743372 50.0
1659.6701153743372 50.0
1658.8745492787891 50.0
1658.476766231015 50.0
1658.6358794501248 50.0
1657.6812001354672 50.0
1657.2038604781387 50.0
1657.044747259029 50.0
1656.8856340399195 50.0
1656.408294382591 50.0
1656.5674076017006 50.0
1657.2038604781387 50.0
1655.9309547252624 50.0
1655.3740584583793 50.0
1655.3740584583793 50.0
1655.5331716774888 50.0
1654.8967188010508 50.0
1654.2602659246131 50.0
1654.2602659246131 50.0
1653.9420394863944 50.0
1653.4646998290661 50.0
1653.1464733908472 50.0
1653.3055866099567 50.0
1652.51002051441 50.0
1652.6691337335192 50.0
1652.8282469526284 50.0
1652.8282469526284 50.0
1652.987360171738 50.0
1652.6691337335192 50.0
1652.032680857082 50.0
1651.7144544188632 50.0
1651.475784590199 50.0
1651.7940110284178 50.0
1651.1575581519805 50.0
1651.7940110284178 50.0
1651.1575581519805 50.0
1650.5211052755433 50.0
1650.361992056434 50.0
1650.6802184946525 50.0
1650.839331713762 50.0
1650.6802184946525 50.0
1650.361992056434 50.0
1649.8846523991062 50.0
1650.2824354468794 50.0
1649.6459825704424 50.0
1649.3277561322238 50.0
1648.8504164748963 50.0
1648.8504164748963 50.0
1649.0095296940056 50.0
1648.691303255787 50.0
1648.691303255787 50.0
1648.5321900366778 50.0
1649.486869351333 50.0
1649.9642090086609 50.0
1649.8050957895516 50.0
1650.600661885098 50.0
1651.078001542426 50.0
1650.9188883233164 50.0
1650.2824354468794 50.0
1650.7597751042072 50.0
1650.4415486659886 50.0
1650.600661885098 50.0
1650.9188883233164 50.0
1650.2824354468794 50.0
1651.555341199754 50.0
1651.078001542426 50.0
1651.078001542426 50.0
1651.7144544188632 50.0
1651.555341199754 50.0
1652.032680857082 50.0
1652.3509072953004 50.0
1653.3055866099567 50.0
1653.1464733908472 50.0
1653.1464733908472 50.0
1652.8282469526284 50.0
1653.6238130481754 50.0
1653.9420394863944 50.0
1654.578492362832 50.0
1654.8967188010508 50.0
1654.8967188010508 50.0
1653.9420394863944 50.0
1655.0558320201603 50.0
1655.2149452392698 50.0
1655.8513981157078 50.0
1656.0105113348172 50.0
1656.0105113348172 50.0
1655.5331716774888 50.0
1656.1696245539267 50.0
1656.0105113348172 50.0
1656.4878509921457 50.0
1656.1696245539267 50.0
1657.1243038685839 50.0
1657.4425303068028 50.0
1657.6016435259126 50.0
1657.4425303068028 50.0
1657.1243038685839 50.0
1657.1243038685839 50.0
1657.9198699641315 50.0
1657.9198699641315 50.0
1658.0789831832412 50.0
1657.760756745022 50.0
1657.4425303068028 50.0
1657.1243038685839 50.0
1656.5674076017006 50.0
1655.6127282870434 50.0
1655.4536150679342 50.0
1655.771841506153 50.0
1656.0900679443719 50.0
1655.9309547252624 50.0
1655.771841506153 50.0
1656.72652082081 50.0
1655.2945018488244 50.0
1655.4536150679342 50.0
1655.9309547252624 50.0
1655.9309547252624 50.0
1656.2491811634814 50.0
1655.9309547252624 50.0
1656.2491811634814 50.0
1656.5674076017006 50.0
1656.8856340399195 50.0
1656.5674076017006 50.0
1656.8856340399195 50.0
1657.3629736972482 50.0
1657.6812001354672 50.0
1657.6812001354672 50.0
1657.9994265736864 50.0
1658.158539792796 50.0
1657.5220869163577 50.0
1657.5220869163577 50.0
1657.9994265736864 50.0
1657.9994265736864 50.0
1657.5220869163577 50.0
1657.2038604781387 50.0
1657.840313354577 50.0
1658.3176530119056 50.0
1658.7949926692345 50.0
1658.954105888344 50.0
1659.2723323265632 50.0
1659.5905587647824 50.0
1660.227011641221 50.0
1660.4656814698856 50.0
1659.6701153743372 50.0
1659.829228593447 50.0
1660.1474550316664 50.0
1660.9430211272147 50.0
1661.2612475654341 50.0
1661.897700441873 50.0
1661.897700441873 50.0
1662.6932665374218 50.0
1662.3750400992021 50.0
1661.7385872227633 50.0
1661.4203607845438 50.0
1661.897700441873 50.0
1662.534153318312 50.0
1663.6479458520805 50.0
1664.3639553380747 50.0
1664.3639553380747 50.0
1664.204842118965 50.0
1665.6368610909537 50.0
1666.1142007482833 50.0
1666.909766843833 50.0
1666.5915404056132 50.0
1667.864446158493 50.0
1667.705332939383 50.0
1668.1826725967128 50.0
1668.978238692263 50.0
1669.1373519113731 50.0
1668.819125473153 50.0
1669.6146915687032 50.0
1670.5693708833637 50.0
1670.7284841024739 50.0
1670.7284841024739 50.0
1671.2058237598042 50.0
1671.5240501980245 50.0
1672.7969559509058 50.0
1673.1151823891264 50.0
1673.1151823891264 50.0
1673.4334088273467 50.0
1673.4334088273467 50.0
1673.4334088273467 50.0
1674.228974922898 50.0
1674.8654277993392 50.0
1674.706314580229 50.0
1675.18365423756 50.0
1675.820107114001 50.0
1675.5018806757805 50.0
1676.1383335522219 50.0
1677.411239305105 50.0
1677.411239305105 50.0
1677.7294657433258 50.0
1677.8885789624362 50.0
1678.0476921815466 50.0
1677.9681355719915 50.0
1678.4454752293227 50.0
1678.6045884484333 50.0
1678.127248791102 50.0
1678.7637016675437 50.0
1679.0819281057647 50.0
1678.7637016675437 50.0
1678.9228148866541 50.0
1679.0819281057647 50.0
1679.2410413248751 50.0
1679.0819281057647 50.0
1680.0366074204278 50.0
1679.2410413248751 50.0
1679.7183809822068 50.0
1681.1503999542017 50.0
1681.3095131733123 50.0
1682.1050792688654 50.0
1682.02552265931 50.0
1682.3437490975314 50.0
1682.980201973974 50.0
1683.1393151930845 50.0
1683.6166548504166 50.0
1683.7757680695274 50.0
1684.7304473841918 50.0
1685.0486738224133 50.0
1685.2077870415242 50.0
1685.3669002606348 50.0
1685.5260134797456 50.0
1686.4806927944105 50.0
1686.4806927944105 50.0
1686.7989192326322 50.0
1687.5944853281867 50.0
1688.3900514237412 50.0
1688.708277861963 50.0
1689.1060609097403 50.0
1689.4242873479625 50.0
1689.5834005670733 50.0
1690.0607402244063 50.0
1691.3336459772947 50.0
1691.970098853739 50.0
1692.6065517301836 50.0
1692.765664949295 50.0
1692.924778168406 50.0
1693.083891387517 50.0
1693.083891387517 50.0
1693.4021178257394 50.0
1694.0385707021842 50.0
1694.3567971404066 50.0
1694.1976839212955 50.0
1694.3567971404066 50.0
1694.3567971404066 50.0
1694.3567971404066 50.0
1694.3567971404066 50.0
