L-SRTDE
1404.9298515837122 50.0
1372.9480945430118 50.0
1445.8219488942368 50.0
1399.3608889149464 50.0
1420.2047206180177 50.0
1428.955947668908 50.0
1426.7283626014096 50.0
1415.4313240448007 50.0
1428.796834449801 50.0
1422.2731924664108 50.0
1412.8855125390837 50.0
1422.591418904625 50.0
1416.7042297976589 50.0
1402.3840400779911 50.0
1409.8623613760437 50.0
1404.7707383646045 50.0
1400.4746814486998 50.0
1394.4283791226067 50.0
1394.5874923417143 50.0
1397.7697567238695 50.0
1397.9288699429771 50.0
1392.9963601506363 50.0
1397.7697567238695 50.0
1396.815077409223 50.0
1397.6106435047618 50.0
1403.8160590499594 50.0
1399.8382285722694 50.0
1397.2924170665462 50.0
1405.0889648028196 50.0
1407.1574366512173 50.0
1405.5663044601422 50.0
1414.9539843874788 50.0
1421.7958528090894 50.0
1423.0687585619464 50.0
1430.2288534217641 50.0
1429.751513764443 50.0
1426.7283626014096 50.0
1431.6608723937268 50.0
1429.274174107122 50.0
1436.2751557478277 50.0
1442.4805712929945 50.0
1446.4584017706638 50.0
1449.6406661527983 50.0
1458.391893203664 50.0
1458.7101196418773 50.0
1462.3697236813287 50.0
1467.6204599118441 50.0
1470.9618375130806 50.0
1471.9165168277195 50.0
1475.0987812098488 50.0
1478.9174984684032 50.0
1482.7362157269572 50.0
1482.4179892887444 50.0
1486.3958197664044 50.0
1486.0775933281916 50.0
1488.623404833894 50.0
1494.3514807217236 50.0
1496.4199525701067 50.0
1499.7613301713404 50.0
1500.3977830477659 50.0
1502.4662548961487 50.0
1503.420934210787 50.0
1509.1490100986166 50.0
1510.4219158514677 50.0
1511.6948216043188 50.0
1514.0815198909147 50.0
1517.2637842730428 50.0
1519.8095957787455 50.0
1524.742105571045 50.0
1526.9696906385352 50.0
1527.606143514961 50.0
1528.7199360487064 50.0
1531.5839739926232 50.0
1537.7893895377779 50.0
1537.6302763186713 50.0
1541.2898803581227 50.0
1541.608106796336 50.0
1541.7672200154425 50.0
1546.222390150428 50.0
1545.4268240548947 50.0
1547.8135223414947 50.0
1549.5637677516681 50.0
1555.1327304204037 50.0
1554.0189378866564 50.0
1555.7691832968308 50.0
1559.7470137745008 50.0
1558.633221240753 50.0
1555.2918436395105 50.0
1559.9061269936078 50.0
1559.587900555394 50.0
1558.4741080216463 50.0
1559.2696741171803 50.0
1560.8608063082488 50.0
1561.3381459655693 50.0
1562.6110517184243 50.0
1563.4066178139585 50.0
1562.1337120611036 50.0
1565.6342028814552 50.0
1569.6120333591289 50.0
1572.316958083948 50.0
1571.044052331092 50.0
1571.6805052075201 50.0
1577.567694314482 50.0
1579.4770529437678 50.0
1578.2041471909106 50.0
1578.3632604100178 50.0
1580.5908454775183 50.0
1580.9090719157327 50.0
1580.7499586966255 50.0
1580.1135058201967 50.0
1581.5455247921616 50.0
1581.5455247921616 50.0
1582.1819776685904 50.0
1587.2736006800235 50.0
1589.182959309312 50.0
1588.8647328710972 50.0
1588.5465064328826 50.0
1588.5465064328826 50.0
1587.5918271182384 50.0
1590.2967518430637 50.0
1593.7972426634278 50.0
1593.3199030061053 50.0
1596.8203938264708 50.0
1599.0479788939772 50.0
1600.479997865946 50.0
1600.479997865946 50.0
1603.5031490289923 50.0
1608.1174323831187 50.0
1610.8223571079532 50.0
1613.2090553945727 50.0
1613.845508271005 50.0
1614.3228479283289 50.0
1616.391319776734 50.0
1618.778018063356 50.0
1619.5735841588971 50.0
1620.5282634735463 50.0
1621.3238295690876 50.0
1622.596735321954 50.0
1622.4376221028456 50.0
1623.5514146366038 50.0
1625.460773265904 50.0
1624.983433608579 50.0
1625.3016600467956 50.0
1628.8021508671814 50.0
1629.597716962724 50.0
1628.4839244289644 50.0
1628.96126408629 50.0
1629.915943400941 50.0
1631.9844152493524 50.0
1632.7799813448955 50.0
1633.2573210022215 50.0
1634.3711135359822 50.0
1634.8484531933082 50.0
1635.8031325079605 50.0
1635.9622457270693 50.0
1637.0760382608305 50.0
1638.6671704519188 50.0
1639.6218497665718 50.0
1640.576529081225 50.0
1641.6903216149876 50.0
1643.9179066825136 50.0
1642.4858877105323 50.0
1643.5996802442955 50.0
1645.1908124353859 50.0
1647.736623941132 50.0
1650.4415486659886 50.0
1649.6459825704424 50.0
1648.0548503793502 50.0
1650.1233222277701 50.0
1650.2824354468794 50.0
1652.3509072953004 50.0
1652.8282469526284 50.0
1653.9420394863944 50.0
1656.0105113348172 50.0
1656.3287377730362 50.0
1656.8060774303647 50.0
1656.4878509921457 50.0
1657.6016435259126 50.0
1656.8060774303647 50.0
1657.2834170876934 50.0
1658.7154360596796 50.0
1658.2380964023507 50.0
1658.2380964023507 50.0
1658.3972096214604 50.0
1658.7154360596796 50.0
1659.351888936118 50.0
1659.351888936118 50.0
1660.4656814698856 50.0
1662.3750400992021 50.0
1662.8523797565315 50.0
1665.239078043179 50.0
1666.5119837960583 50.0
1668.580455644488 50.0
1671.126267150249 50.0
1672.2400596840203 50.0
1672.3991729031304 50.0
1673.035625779571 50.0
1672.2400596840203 50.0
1673.8311918751224 50.0
1675.1040976280046 50.0
1676.5361165999977 50.0
1678.7637016675437 50.0
1682.1050792688654 50.0
1682.741532145308 50.0
1684.0144378981934 50.0
1684.8100039937472 50.0
1685.9237965275227 50.0
1685.9237965275227 50.0
1686.2420229657444 50.0
1687.1967022804095 50.0
1688.2309382046303 50.0
1688.5491646428522 50.0
1692.367881901517 50.0
1691.0949761486281 50.0
1691.4132025868503 50.0
1691.970098853739 50.0
1691.3336459772947 50.0
1692.924778168406 50.0
1693.1634479970726 50.0
1694.436353749962 50.0
1694.5954669690734 50.0
1694.913693407296 50.0
1695.6297028932968 50.0
1697.4595049130771 50.0
1698.255071008634 50.0
1699.44842015197 50.0
1699.1301937137468 50.0
1698.8915238850798 50.0
1699.44842015197 50.0
1700.403099466639 50.0
1701.1986655621968 50.0
1701.119108952641 50.0
1702.0737882673106 50.0
1704.2218167253181 50.0
1706.6085150119952 50.0
1705.892505525992 50.0
1705.0969394304327 50.0
1705.2560526495445 50.0
1705.4947224782122 50.0
1705.017382820877 50.0
1706.1311753546597 50.0
1706.1311753546597 50.0
1706.3698451833275 50.0
1706.847184840663 50.0
1707.3245244979985 50.0
1708.756543470006 50.0
1708.756543470006 50.0
1708.438317031782 50.0
1708.915656689118 50.0
1709.2338831273419 50.0
1709.711222784678 50.0
1711.1432417566866 50.0
1708.915656689118 50.0
1710.188562442014 50.0
1710.9841285375744 50.0
1711.6205814140228 50.0
1711.3023549757986 50.0
1711.1432417566866 50.0
1710.5067888802382 50.0
1710.5067888802382 50.0
1710.8250153184624 50.0
1710.5067888802382 50.0
1711.4614681949108 50.0
1710.9841285375744 50.0
1710.347675661126 50.0
1710.029449222902 50.0
1711.938807852247 50.0
1711.3023549757986 50.0
1712.5752607286959 50.0
1711.938807852247 50.0
1712.7343739478079 50.0
1714.0072797007058 50.0
1714.166392919818 50.0
1713.8481664815936 50.0
1714.4846193580427 50.0
1714.802845796267 50.0
1714.6437325771549 50.0
1714.4846193580427 50.0
1714.4846193580427 50.0
1714.166392919818 50.0
1713.8481664815936 50.0
1714.5641759675987 50.0
1715.5188552822726 50.0
1715.677968501385 50.0
1715.5188552822726 50.0
1715.9961949396097 50.0
1716.7122044256153 50.0
1716.2348647682784 50.0
1716.7122044256153 50.0
1717.5077705211777 50.0
1718.3828932262963 50.0
1718.2237800071837 50.0
1717.9055535689588 50.0
1719.6557989791966 50.0
1719.0193461027463 50.0
1719.0193461027463 50.0
1718.3828932262963 50.0
1718.5420064454088 50.0
1719.0193461027463 50.0
1719.8149121983092 50.0
1719.3375725409715 50.0
1719.0193461027463 50.0
1719.8149121983092 50.0
1720.6104782938721 50.0
1719.9740254174217 50.0
1720.4513650747595 50.0
1721.5651576085481 50.0
1721.5651576085481 50.0
1721.2469311703228 50.0
1721.0878179512101 50.0
1721.0878179512101 50.0
1722.440280313668 50.0
1722.440280313668 50.0
1722.5993935327806 50.0
1722.9176199710062 50.0
1723.3949596283446 50.0
1724.3496389430215 50.0
1724.986091819473 50.0
1726.0203277437067 50.0
1727.6114599348366 50.0
1726.8158938392717 50.0
1726.8158938392717 50.0
1727.6114599348366 50.0
1727.4523467157235 50.0
1727.2932334966106 50.0
1727.1341202774977 50.0
1726.9750070583846 50.0
1726.8158938392717 50.0
1726.4976674010456 50.0
1726.4976674010456 50.0
1726.9750070583846 50.0
1726.6567806201585 50.0
1727.4523467157235 50.0
1727.4523467157235 50.0
1727.4523467157235 50.0
1728.2479128112889 50.0
1728.0887995921757 50.0
1728.8843656877411 50.0
1728.5661392495151 50.0
1729.2025921259674 50.0
1728.2479128112889 50.0
1728.725252468628 50.0
1728.8843656877411 50.0
1729.0434789068543 50.0
1728.0887995921757 50.0
1728.2479128112889 50.0
1727.4523467157235 50.0
1727.9296863730629 50.0
1727.9296863730629 50.0
1728.8843656877411 50.0
1729.679931783307 50.0
1729.9186016119766 50.0
1729.83904500242 50.0
1730.634611097986 50.0
1730.634611097986 50.0
1730.236828050203 50.0
1730.3959412693162 50.0
1730.5550544884293 50.0
1729.9186016119766 50.0
1729.998158221533 50.0
1730.236828050203 50.0
1730.0777148310897 50.0
1730.0777148310897 50.0
1730.9528375362124 50.0
1730.5550544884293 50.0
1730.5550544884293 50.0
1730.3959412693162 50.0
1731.032394145769 50.0
1731.3506205839956 50.0
1731.032394145769 50.0
1730.7141677075426 50.0
1730.3959412693162 50.0
1730.3959412693162 50.0
1729.9186016119766 50.0
1729.7594883928634 50.0
1729.6003751737503 50.0
1728.9639222972978 50.0
1729.282148735524 50.0
1730.3959412693162 50.0
1730.236828050203 50.0
1731.8279602413354 50.0
1732.9417527751284 50.0
1733.259979213355 50.0
1733.1008659942418 50.0
1733.4190924324687 50.0
1733.1008659942418 50.0
1733.4190924324687 50.0
1733.4190924324687 50.0
1733.578205651582 50.0
1733.4190924324687 50.0
1734.2146585280357 50.0
1734.373771747149 50.0
1734.2146585280357 50.0
1735.0102246236029 50.0
1735.1693378427162 50.0
1735.6466775000567 50.0
1736.9195832529651 50.0
1737.0786964720787 50.0
1736.4422435956244 50.0
1736.9195832529651 50.0
1737.874262567647 50.0
1737.874262567647 50.0
1737.874262567647 50.0
1738.0333757867604 50.0
1738.1924890058742 50.0
1738.9880551014428 50.0
1738.6698286632152 50.0
1738.5107154441016 50.0
1738.828941882329 50.0
1738.6698286632152 50.0
1738.3516022249878 50.0
1738.5107154441016 50.0
1738.6698286632152 50.0
1738.5107154441016 50.0
1738.9880551014428 50.0
1739.0676117109995 50.0
1738.9084984918857 50.0
1738.4311588345447 50.0
1739.5449513683407 50.0
1739.5449513683407 50.0
1738.5107154441016 50.0
1736.9195832529651 50.0
1737.6355927389764 50.0
1737.3173663007492 50.0
1736.999139862522 50.0
1736.9195832529651 50.0
1737.396922910306 50.0
1738.9084984918857 50.0
1739.2267249301133 50.0
1739.3062815396702 50.0
1739.1471683205564 50.0
1739.385838149227 50.0
1740.4200740734666 50.0
1742.4089893123898 50.0
1744.9548008182146 50.0
1745.3525838659998 50.0
1746.5459330093563 50.0
1747.4210557144847 50.0
1747.7392821527135 50.0
1747.8983953718277 50.0
1748.2166218100565 50.0
1748.6144048578424 50.0
1748.9326312960711 50.0
1749.4099709534144 50.0
1749.966867220315 50.0
1750.1259804394294 50.0
1749.8873106107576 50.0
1750.5237634872155 50.0
1750.5237634872155 50.0
1750.364650268101 50.0
1751.7171126305745 50.0
1751.6375560210172 50.0
1751.6375560210172 50.0
1751.3988861923453 50.0
1751.2397729732309 50.0
1750.9215465350019 50.0
1751.3988861923453 50.0
1751.8762258496893 50.0
1752.353565507033 50.0
1751.3193295827882 50.0
1751.2397729732309 50.0
1751.3988861923453 50.0
1751.6375560210172 50.0
1751.4784428019027 50.0
1750.046423829872 50.0
1749.966867220315 50.0
1750.285093658544 50.0
1750.285093658544 50.0
1750.9215465350019 50.0
1750.4442068776582 50.0
1749.648640782086 50.0
1749.4895275629717 50.0
1748.853074686514 50.0
1749.3304143438572 50.0
1748.9326312960711 50.0
1748.5348482482852 50.0
1747.7392821527135 50.0
1748.2166218100565 50.0
1748.455291638728 50.0
1747.3414991049276 50.0
1746.5459330093563 50.0
1746.943716057142 50.0
1747.1823858858133 50.0
1746.227706571128 50.0
1745.7503669137852 50.0
1746.0685933520137 50.0
1745.8299235233424 50.0
1743.8410082844157 50.0
1744.0001215035297 50.0
1744.7161309895432 50.0
1744.0796781130869 50.0
1744.557017770429 50.0
1743.9205648939728 50.0
1743.6023384557445 50.0
1743.6023384557445 50.0
1742.4089893123898 50.0
1741.7725364359342 50.0
1741.9316496550482 50.0
1742.090762874162 50.0
1742.7272157506177 50.0
1742.7272157506177 50.0
1742.5681025315039 50.0
1742.8067723601748 50.0
1742.5681025315039 50.0
1741.9316496550482 50.0
1741.6929798263773 50.0
1741.5338666072635 50.0
1742.3294327028327 50.0
1742.011206264605 50.0
1741.5338666072635 50.0
1740.6587439021373 50.0
1740.817857121251 50.0
1741.6134232168204 50.0
1742.4885459219468 50.0
1742.8067723601748 50.0
1743.2045554079596 50.0
1743.6023384557445 50.0
1744.318347941758 50.0
1744.9548008182146 50.0
1745.1139140373286 50.0
1745.511697085114 50.0
1746.307263180685 50.0
1745.670810304228 50.0
1745.1139140373286 50.0
1744.7956875991003 50.0
1745.5912536946712 50.0
1745.1139140373286 50.0
1746.307263180685 50.0
1746.5459330093563 50.0
1746.227706571128 50.0
1747.023272666699 50.0
1747.1823858858133 50.0
1747.1823858858133 50.0
1747.1823858858133 50.0
1748.2961784196136 50.0
1748.6144048578424 50.0
1748.7735180769569 50.0
1749.4099709534144 50.0
1749.7281973916433 50.0
1749.2508577342999 50.0
1749.7281973916433 50.0
1750.046423829872 50.0
1750.364650268101 50.0
1750.364650268101 50.0
1750.2055370489866 50.0
1750.2055370489866 50.0
1751.1602163636737 50.0
1751.3988861923453 50.0
1752.5126787261477 50.0
1752.2740088974756 50.0
1752.4331221165903 50.0
1752.7513485548195 50.0
1752.1944522879182 50.0
1751.9557824592464 50.0
1751.55799941146 50.0
1751.8762258496893 50.0
1751.7171126305745 50.0
1752.7513485548195 50.0
1752.9104617739342 50.0
1752.9104617739342 50.0
1752.8309051643769 50.0
1753.785584479065 50.0
1754.024254307737 50.0
1753.9446976981797 50.0
1753.7060278695076 50.0
1753.5469146503929 50.0
1753.8651410886223 50.0
1754.262924136409 50.0
1754.8198204033106 50.0
1754.4220373555238 50.0
1754.7402637937535 50.0
1754.6607071841959 50.0
1755.2971600606552 50.0
1755.2971600606552 50.0
1755.058490231983 50.0
1755.854056327557 50.0
1756.410952594459 50.0
1757.3656319091485 50.0
1758.4794244429534 50.0
1759.1158773194136 50.0
1759.6727735863165 50.0
1759.5136603672013 50.0
1759.8318868054314 50.0
1760.3887830723345 50.0
1760.2296698532193 50.0
1759.9910000245466 50.0
1760.4683396818918 50.0
1760.309226462777 50.0
1760.7070095105646 50.0
1761.025235948795 50.0
1760.7070095105646 50.0
1760.627452901007 50.0
1760.9456793392374 50.0
1760.9456793392374 50.0
1762.1390284826016 50.0
1761.7412454348134 50.0
1761.8208020443712 50.0
1762.3776983112746 50.0
1762.2185850921592 50.0
1762.2185850921592 50.0
1763.0141511877357 50.0
1763.0141511877357 50.0
1763.0141511877357 50.0
1763.0937077972933 50.0
1762.4572549208322 50.0
1762.7754813590627 50.0
1763.491490845082 50.0
1763.8097172833125 50.0
1763.8097172833125 50.0
1764.207500331101 50.0
1764.207500331101 50.0
1764.3666135502162 50.0
1763.9688305024279 50.0
1764.3666135502162 50.0
1764.8439532075627 50.0
1764.8439532075627 50.0
1764.5257267693316 50.0
1765.1621796457937 50.0
1765.7986325222555 50.0
1765.5599626935823 50.0
1765.719075912698 50.0
1765.5599626935823 50.0
1764.9235098171202 50.0
1764.6052833788895 50.0
1764.3666135502162 50.0
1764.5257267693316 50.0
1765.2417362553513 50.0
1765.7986325222555 50.0
1766.1168589604865 50.0
1766.275972179602 50.0
1766.5941986178332 50.0
1767.469321322969 50.0
1767.548877932527 50.0
1767.548877932527 50.0
1767.7875477612001 50.0
1768.1057741994316 50.0
1768.6626704663365 50.0
1769.4582365619153 50.0
1771.1289253626314 50.0
1771.4471518008631 50.0
1771.4471518008631 50.0
1771.924491458211 50.0
1772.0040480677687 50.0
1772.5609443346748 50.0
1773.0382839920226 50.0
1774.4703029640673 50.0
1775.0271992309738 50.0
1775.8227653265546 50.0
1776.4592182030196 50.0
1776.8570012508103 50.0
1777.9707937846244 50.0
1779.0845863184393 50.0
1779.4028127566723 50.0
1780.0392656331383 50.0
1781.391727995629 50.0
1781.5508412147456 50.0
1783.3806432345875 50.0
1783.6193130632628 50.0
1784.096652720613 50.0
1784.5739923779636 50.0
1784.7331055970803 50.0
1785.210445254431 50.0
1786.3242377882493 50.0
1787.5175869316272 50.0
1788.3131530272126 50.0
1789.6656153897086 50.0
1791.097634361764 50.0
1792.0523136764682 50.0
1793.3252194294078 50.0
1793.4843326485252 50.0
1795.6323611066125 50.0
1796.0301441544068 50.0
1796.8257102499954 50.0
1797.93950278382 50.0
1799.8488614132352 50.0
1801.1217671661793 50.0
1802.1560030904473 50.0
1803.349352233834 50.0
1803.8266918911886 50.0
1804.463144767662 50.0
1805.0995976441354 50.0
1806.0542769588462 50.0
1806.6907298353203 50.0
1807.0089562735573 50.0
1807.1680694926758 50.0
1808.1227488073876 50.0
1809.0774281220995 50.0
1809.8729942176933 50.0
1810.191220655931 50.0
1810.986786751525 50.0
1811.4641264088818 50.0
1811.70279623756 50.0
1812.180135894917 50.0
1812.1005792853573 50.0
1812.4188057235954 50.0
1812.8961453809525 50.0
1813.0552586000713 50.0
1813.2143718191905 50.0
1813.8508246956667 50.0
1814.4872775721433 50.0
1814.8055040103814 50.0
1815.1237304486199 50.0
1816.0784097633355 50.0
1816.396636201574 50.0
1817.6695419545285 50.0
1818.3059948310065 50.0
1818.465108050126 50.0
1819.2606741457234 50.0
1819.7380138030821 50.0
1821.1700327751587 50.0
1822.1247120898772 50.0
1822.6816083567965 50.0
1822.8407215759166 50.0
1823.318061233276 50.0
1824.1136273288755 50.0
1824.0340707193157 50.0
1824.1136273288755 50.0
1824.1136273288755 50.0
1824.2727405479955 50.0
1824.1136273288755 50.0
1824.1136273288755 50.0
1824.4318537671154 50.0
1824.4318537671154 50.0
1824.7500802053553 50.0
1824.7500802053553 50.0
1825.3865330818355 50.0
1825.8638727391956 50.0
1826.4207690061162 50.0
1827.0572218825969 50.0
1827.6936747590776 50.0
1827.5345615399574 50.0
1828.2505710259986 50.0
1828.4892408546789 50.0
1828.4892408546789 50.0
1828.7279106833594 50.0
1829.3643635598407 50.0
1830.6372693128044 50.0
1830.875939141485 50.0
1831.9101750657687 50.0
1832.1488448944497 50.0
1832.467071332691 50.0
1832.7057411613719 50.0
1833.660420476096 50.0
1833.660420476096 50.0
1833.5808638665358 50.0
1834.4559865717001 50.0
1834.4559865717001 50.0
1835.012882838623 50.0
1835.888005543788 50.0
1836.2062319820297 50.0
1836.524458420272 50.0
1837.160911296756 50.0
1837.3200245158769 50.0
1837.4791377349982 50.0
1837.6382509541193 50.0
1837.9564773923612 50.0
1838.2747038306036 50.0
1838.2747038306036 50.0
1838.3542604401641 50.0
1838.6724868784065 50.0
1838.8316000975278 50.0
1838.990713316649 50.0
1839.1498265357702 50.0
1839.1498265357702 50.0
1839.4680529740126 50.0
1839.627166193134 50.0
1839.627166193134 50.0
1839.627166193134 50.0
1839.7067228026945 50.0
1839.7067228026945 50.0
1839.7067228026945 50.0
1839.7067228026945 50.0
1839.8658360218158 50.0
1839.8658360218158 50.0
1839.7067228026945 50.0
1839.7067228026945 50.0
1839.8658360218158 50.0
1839.7067228026945 50.0
1839.7067228026945 50.0
1839.5476095835731 50.0
1839.5476095835731 50.0
1839.5476095835731 50.0
1839.5476095835731 50.0
1839.388496364452 50.0
1839.388496364452 50.0
1839.388496364452 50.0
1839.3089397548915 50.0
1838.990713316649 50.0
1839.3089397548915 50.0
1839.4680529740126 50.0
1839.3089397548915 50.0
1839.4680529740126 50.0
1839.4680529740126 50.0
1839.7862794122552 50.0
1839.7862794122552 50.0
1840.1045058504976 50.0
1840.740958726983 50.0
1841.2182983843472 50.0
1841.1387417747865 50.0
1841.4569682130293 50.0
1841.4569682130293 50.0
1841.6160814321508 50.0
1841.6160814321508 50.0
1841.4569682130293 50.0
1841.4569682130293 50.0
1841.7751946512722 50.0
1841.7751946512722 50.0
1841.7751946512722 50.0
1841.7751946512722 50.0
1841.7751946512722 50.0
1841.297854993908 50.0
1841.4569682130293 50.0
1841.9343078703937 50.0
1841.9343078703937 50.0
1841.9343078703937 50.0
1841.7751946512722 50.0
1841.7751946512722 50.0
1841.9343078703937 50.0
1842.0934210895152 50.0
1841.7751946512722 50.0
1841.9343078703937 50.0
1842.0934210895152 50.0
1842.0934210895152 50.0
1842.0934210895152 50.0
1842.0934210895152 50.0
1841.9343078703937 50.0
1841.9343078703937 50.0
1842.2525343086365 50.0
1842.5707607468796 50.0
1842.4116475277583 50.0
1842.4116475277583 50.0
1842.2525343086365 50.0
1842.4116475277583 50.0
1842.888987185123 50.0
1842.888987185123 50.0
1843.3663268424875 50.0
1843.6845532807308 50.0
1843.525440061609 50.0
1843.8436664998524 50.0
1843.8436664998524 50.0
1844.0027797189741 50.0
1844.0027797189741 50.0
1843.8436664998524 50.0
1843.8436664998524 50.0
1843.8436664998524 50.0
1843.8436664998524 50.0
1844.1618929380957 50.0
1844.1618929380957 50.0
1844.1618929380957 50.0
1844.1618929380957 50.0
1844.3210061572174 50.0
1844.3210061572174 50.0
1844.3210061572174 50.0
1844.3210061572174 50.0
1844.0027797189741 50.0
1843.6845532807308 50.0
1843.525440061609 50.0
1843.0481004042445 50.0
1842.8094305755621 50.0
1842.8094305755621 50.0
1842.9685437946837 50.0
1842.6503173564406 50.0
1842.491204137319 50.0
1842.172977699076 50.0
1842.0138644799545 50.0
1842.0138644799545 50.0
1841.854751260833 50.0
1841.6956380417114 50.0
1841.53652482259 50.0
1841.53652482259 50.0
1841.3774116034688 50.0
1841.3774116034688 50.0
1840.9000719461044 50.0
1840.9000719461044 50.0
1840.5818455078618 50.0
1840.1045058504976 50.0
1839.9453926313765 50.0
1839.7862794122552 50.0
1839.4680529740126 50.0
1839.4680529740126 50.0
1839.4680529740126 50.0
1839.627166193134 50.0
1840.2636190696192 50.0
1840.2636190696192 50.0
1840.5818455078618 50.0
1840.2636190696192 50.0
1840.740958726983 50.0
1840.9000719461044 50.0
1840.9000719461044 50.0
1840.740958726983 50.0
1840.5818455078618 50.0
1840.4227322887405 50.0
1840.4227322887405 50.0
1840.2636190696192 50.0
1840.2636190696192 50.0
1840.1840624600584 50.0
1840.024949240937 50.0
1839.9453926313765 50.0
1839.9453926313765 50.0
1839.627166193134 50.0
1839.7862794122552 50.0
1839.9453926313765 50.0
1839.9453926313765 50.0
1839.7862794122552 50.0
1839.627166193134 50.0
1839.4680529740126 50.0
1839.388496364452 50.0
1838.752043487967 50.0
1838.592930268846 50.0
1838.2747038306036 50.0
1838.195147221043 50.0
1838.3542604401641 50.0
1838.6724868784065 50.0
1838.5133736592852 50.0
1838.5133736592852 50.0
1838.6724868784065 50.0
1838.6724868784065 50.0
1838.6724868784065 50.0
1838.6724868784065 50.0
1838.6724868784065 50.0
1838.6724868784065 50.0
1838.8316000975278 50.0
1838.6724868784065 50.0
1838.8316000975278 50.0
1839.627166193134 50.0
1839.627166193134 50.0
1839.627166193134 50.0
1839.627166193134 50.0
1839.627166193134 50.0
1839.4680529740126 50.0
1839.3089397548915 50.0
1839.1498265357702 50.0
1839.1498265357702 50.0
1839.1498265357702 50.0
1838.8316000975278 50.0
1838.990713316649 50.0
1838.990713316649 50.0
1838.8316000975278 50.0
1838.990713316649 50.0
1839.3089397548915 50.0
1839.4680529740126 50.0
1839.3089397548915 50.0
1839.3089397548915 50.0
1839.3089397548915 50.0
1839.3089397548915 50.0
1839.3089397548915 50.0
1839.0702699262097 50.0
1838.990713316649 50.0
1838.8316000975278 50.0
1838.8316000975278 50.0
1838.6724868784065 50.0
1838.6724868784065 50.0
1838.5133736592852 50.0
1838.6724868784065 50.0
1838.6724868784065 50.0
1838.3542604401641 50.0
1838.3542604401641 50.0
1838.195147221043 50.0
1838.036034001922 50.0
1837.9564773923612 50.0
1837.79736417324 50.0
1837.4791377349982 50.0
1837.4791377349982 50.0
1837.4791377349982 50.0
1836.9222414680744 50.0
1836.7631282489533 50.0
1836.7631282489533 50.0
1836.9222414680744 50.0
1836.6040150298322 50.0
1836.6040150298322 50.0
1836.6040150298322 50.0
1836.6040150298322 50.0
1836.4449018107114 50.0
1836.4449018107114 50.0
1836.2857885915905 50.0
1836.2857885915905 50.0
1836.1266753724694 50.0
1835.9675621533484 50.0
1835.6493357151066 50.0
1835.4902224959858 50.0
1835.4902224959858 50.0
1835.4106658864252 50.0
1835.4106658864252 50.0
1835.2515526673044 50.0
1835.2515526673044 50.0
1834.7742130099416 50.0
1834.4559865717001 50.0
1834.4559865717001 50.0
1834.1377601334584 50.0
1834.1377601334584 50.0
1834.1377601334584 50.0
1833.9786469143376 50.0
1833.819533695217 50.0
1833.819533695217 50.0
1833.660420476096 50.0
1833.660420476096 50.0
1833.660420476096 50.0
1833.5013072569755 50.0
1833.183080818734 50.0
1833.183080818734 50.0
