LSHADE
1497.2155186656385 50.0
1491.0101031204897 50.0
1389.1776428920468 50.0
1327.4417138777594 50.0
1288.9363148528696 50.0
1297.3693154657988 50.0
1279.5486349252405 50.0
1277.6392762958883 50.0
1270.7974078740326 50.0
1274.6161251327449 50.0
1267.9333699299948 50.0
1273.0249929416154 50.0
1264.114652671273 50.0
1257.5910106876102 50.0
1265.2284452050674 50.0
1258.7048032214075 50.0
1260.614161850773 50.0
1260.1368221934317 50.0
1259.5003693169765 50.0
1263.4781997948187 50.0
1261.8870676036825 50.0
1256.7954445920404 50.0
1256.7954445920404 50.0
1255.8407652773562 50.0
1253.1358405524152 50.0
1256.6363313729264 50.0
1258.7048032214075 50.0
1258.5456900022937 50.0
1256.1589917155843 50.0
1257.5910106876102 50.0
1257.909237125838 50.0
1258.5456900022937 50.0
1257.4318974684961 50.0
1260.2959354125455 50.0
1259.3412560978627 50.0
1261.250614727228 50.0
1263.3190865757051 50.0
1267.615143491768 50.0
1269.2062756829007 50.0
1269.0471624637876 50.0
1272.2294268460503 50.0
1278.1166159532265 50.0
1276.6845969812118 50.0
1276.0481441047607 50.0
1277.0028234194374 50.0
1275.4116912283093 50.0
1277.321049857663 50.0
1276.8437102003247 50.0
1280.8215406781412 50.0
1283.0491257457159 50.0
1280.8215406781412 50.0
1285.1175975941767 50.0
1286.549616566187 50.0
1289.4136545102058 50.0
1291.6412395777738 50.0
1294.8235039600113 50.0
1301.3471459435873 50.0
1306.916108612483 50.0
1311.6895051858141 50.0
1319.6451661413512 50.0
1323.9412230573334 50.0
1329.6692989453015 50.0
1334.2835822994914 50.0
1339.8525449683336 50.0
1342.239243254978 50.0
1344.6259415416207 50.0
1348.921998457574 50.0
1348.2855455811368 50.0
1352.4224892779773 50.0
1355.7638668792686 50.0
1358.6279048232302 50.0
1360.8554898907548 50.0
1364.0377542729307 50.0
1362.7648485200607 50.0
1368.0155847506476 50.0
1375.334792829638 50.0
1378.357943992696 50.0
1381.0628687175358 50.0
1384.2451330996985 50.0
1391.0870015213418 50.0
1392.200794055097 50.0
1394.5874923417143 50.0
1395.701284875469 50.0
1399.6791153531617 50.0
1399.042662476731 50.0
1402.5431532970988 50.0
1407.1574366512173 50.0
1410.6579274715807 50.0
1415.2722108256935 50.0
1417.8180223314096 50.0
1422.591418904625 50.0
1425.1372304103388 50.0
1429.751513764443 50.0
1434.2066838994378 50.0
1437.070721843362 50.0
1442.957910950315 50.0
1447.4130810853044 50.0
1447.0948546470909 50.0
1450.5953454674386 50.0
1455.5278552597451 50.0
1454.8914023833186 50.0
1459.1874592991971 50.0
1460.4603650520498 50.0
1461.2559311475827 50.0
1462.6879501195417 50.0
1464.1199690915007 50.0
1466.3475541589921 50.0
1467.7795731309507 50.0
1470.0071581984419 50.0
1473.3485357996776 50.0
1475.4170076480616 50.0
1475.5761208671681 50.0
1478.121932372871 50.0
1478.2810455919775 50.0
1478.7583852492967 50.0
1481.9406496314252 50.0
1481.9406496314252 50.0
1485.2820272326596 50.0
1489.418970929426 50.0
1487.350499081043 50.0
1488.3051783956812 50.0
1491.3283295587025 50.0
1492.6012353115536 50.0
1491.6465559969154 50.0
1495.9426129127876 50.0
1498.1701979802767 50.0
1498.8066508567022 50.0
1498.9657640758087 50.0
1501.3524623624041 50.0
1501.8298020197233 50.0
1504.5347267445316 50.0
1505.0120664018507 50.0
1507.557877907553 50.0
1509.4672365368294 50.0
1510.1036894132549 50.0
1512.96772735717 50.0
1515.6726520819786 50.0
1515.1953124246595 50.0
1516.149991739298 50.0
1519.1731429023198 50.0
1517.741123930362 50.0
1519.4913693405326 50.0
1519.9687089978518 50.0
1524.2647659137256 50.0
1525.3785584474706 50.0
1525.0603320092578 50.0
1524.105652694619 50.0
1526.0150113238965 50.0
1527.1288038576417 50.0
1526.174124543003 50.0
1526.174124543003 50.0
1530.3110682397712 50.0
1530.9475211161973 50.0
1531.9022004308363 50.0
1532.5386533072624 50.0
1533.0159929645818 50.0
1535.0844648129666 50.0
1536.3573705658189 50.0
1537.6302763186713 50.0
1539.0622952906306 50.0
1539.8578613861634 50.0
1541.7672200154425 50.0
1541.608106796336 50.0
1542.2445596727623 50.0
1542.5627861109756 50.0
1542.5627861109756 50.0
1543.5174654256152 50.0
1543.6765786447218 50.0
1544.1539183020418 50.0
1545.1085976166814 50.0
1545.9041637122148 50.0
1546.5406165886413 50.0
1547.3361826841747 50.0
1548.9273148752413 50.0
1551.1548999427353 50.0
1551.1548999427353 50.0
1552.1095792573756 50.0
1552.5869189146956 50.0
1552.7460321338024 50.0
1552.268692476482 50.0
1552.268692476482 50.0
1552.268692476482 50.0
1553.064258572016 50.0
1553.5415982293362 50.0
1554.1780511057632 50.0
1554.8145039821902 50.0
1554.6553907630835 50.0
1554.6553907630835 50.0
1553.700711448443 50.0
1554.0189378866564 50.0
1554.1780511057632 50.0
1554.0189378866564 50.0
1553.8598246675497 50.0
1553.064258572016 50.0
1552.268692476482 50.0
1551.791352819162 50.0
1554.4962775439767 50.0
1555.610070077724 50.0
1554.6553907630835 50.0
1555.1327304204037 50.0
1555.4509568586172 50.0
1554.33716432487 50.0
1554.6553907630835 50.0
1555.4509568586172 50.0
1555.4509568586172 50.0
1557.3603154878986 50.0
1557.3603154878986 50.0
1559.1105608980736 50.0
1560.3834666509283 50.0
1561.1790327464626 50.0
1562.4519384993173 50.0
1562.6110517184243 50.0
1563.7248442521723 50.0
1566.5888821960968 50.0
1567.7026747298453 50.0
1568.6573540444872 50.0
1569.293806920915 50.0
1569.1346937018081 50.0
1571.5213919884131 50.0
1573.5898638368046 50.0
1574.0672034941258 50.0
1575.8174489043038 50.0
1578.3632604100178 50.0
1581.7046380112688 50.0
1581.5455247921616 50.0
1583.7731098596628 50.0
1584.0913362978774 50.0
1586.000694927165 50.0
1587.432713899131 50.0
1590.2967518430637 50.0
1591.2514311577083 50.0
1593.3199030061053 50.0
1592.8425633487827 50.0
1594.751921978073 50.0
1596.6612806073633 50.0
1599.0479788939772 50.0
1599.5253185513002 50.0
1600.479997865946 50.0
1601.1164507423766 50.0
1602.8666961525614 50.0
1603.3440358098846 50.0
1605.8898473156091 50.0
1606.6854134111481 50.0
1605.7307340965012 50.0
1608.1174323831187 50.0
1609.5494513550898 50.0
1610.5041306697372 50.0
1610.3450174506293 50.0
1611.458809984385 50.0
1612.8908289563567 50.0
1612.8908289563567 50.0
1612.7317157372488 50.0
1615.4366404620855 50.0
1615.1184140238693 50.0
1616.5504329958421 50.0
1615.9139801194096 50.0
1616.0730933385178 50.0
1616.7095462149503 50.0
1617.823338748707 50.0
1617.1868858722746 50.0
1617.823338748707 50.0
1620.0509238162217 50.0
1620.5282634735463 50.0
1621.482942788196 50.0
1622.9149617601704 50.0
1623.7105278557121 50.0
1622.755848541062 50.0
1623.0740749792787 50.0
1622.9149617601704 50.0
1622.4376221028456 50.0
1621.482942788196 50.0
1621.8011692264124 50.0
1624.665207170362 50.0
1623.5514146366038 50.0
1623.233188198387 50.0
1623.5514146366038 50.0
1624.0287542939288 50.0
1625.460773265904 50.0
1626.256339361446 50.0
1627.370131895205 50.0
1627.370131895205 50.0
1628.1656979907475 50.0
1628.1656979907475 50.0
1627.370131895205 50.0
1628.1656979907475 50.0
1628.4839244289644 50.0
1629.915943400941 50.0
1631.029735934701 50.0
1630.5523962773752 50.0
1630.7115094964838 50.0
1629.7568301818324 50.0
1629.597716962724 50.0
1631.3479623729181 50.0
1631.9844152493524 50.0
1633.0982077831127 50.0
1634.2120003168734 50.0
1634.2120003168734 50.0
1635.6440192888517 50.0
1635.9622457270693 50.0
1636.4395853843955 50.0
1637.553377918157 50.0
1638.0307175754833 50.0
1638.0307175754833 50.0
1637.8716043563745 50.0
1639.9400762047896 50.0
1639.462736547463 50.0
1639.7809629856806 50.0
1639.462736547463 50.0
1639.1445101092452 50.0
1640.576529081225 50.0
1641.3720951767698 50.0
1641.6903216149876 50.0
1641.8494348340967 50.0
1643.1223405869684 50.0
1643.4405670251865 50.0
1644.2361331207314 50.0
1644.7134727780588 50.0
1645.0316992162768 50.0
1645.6681520927132 50.0
1645.6681520927132 50.0
1646.3046049691495 50.0
1646.1454917500405 50.0
1645.8272653118222 50.0
1644.3952463398405 50.0
1644.3952463398405 50.0
1644.3952463398405 50.0
1644.7134727780588 50.0
1643.7587934634043 50.0
1644.3952463398405 50.0
1644.2361331207314 50.0
1643.9179066825136 50.0
1644.0770199016224 50.0
1645.1908124353859 50.0
1645.1908124353859 50.0
1646.6228314073678 50.0
1645.6681520927132 50.0
1645.6681520927132 50.0
1645.9863785309315 50.0
1647.5775107220227 50.0
1647.1001710646951 50.0
1646.6228314073678 50.0
1646.6228314073678 50.0
1645.509038873604 50.0
1645.0316992162768 50.0
1645.3499256544949 50.0
1644.3952463398405 50.0
1645.0316992162768 50.0
1645.6681520927132 50.0
1646.4637181882588 50.0
1645.9863785309315 50.0
1645.8272653118222 50.0
1645.509038873604 50.0
1645.6681520927132 50.0
1644.2361331207314 50.0
1644.5543595589497 50.0
1643.9179066825136 50.0
1643.1223405869684 50.0
1643.5996802442955 50.0
1643.4405670251865 50.0
1643.2814538060775 50.0
1643.5996802442955 50.0
1644.5543595589497 50.0
1644.5543595589497 50.0
1645.3499256544949 50.0
1646.8615012360315 50.0
1647.497954112468 50.0
1647.9752937697956 50.0
1648.1344069889049 50.0
1647.9752937697956 50.0
1646.8615012360315 50.0
1647.338840893359 50.0
1647.6570673315773 50.0
1647.6570673315773 50.0
1647.0206144551407 50.0
1647.0206144551407 50.0
1646.8615012360315 50.0
1647.338840893359 50.0
1647.6570673315773 50.0
1646.5432747978132 50.0
1647.338840893359 50.0
1647.6570673315773 50.0
1647.497954112468 50.0
1648.1344069889049 50.0
1648.2935202080141 50.0
1648.1344069889049 50.0
1648.4526334271231 50.0
1648.1344069889049 50.0
1649.5664259608877 50.0
1649.4073127417785 50.0
1649.4073127417785 50.0
1648.6117466462324 50.0
1648.6117466462324 50.0
1649.4073127417785 50.0
1649.2481995226694 50.0
1650.361992056434 50.0
1650.2028788373248 50.0
1649.2481995226694 50.0
1649.2481995226694 50.0
1649.2481995226694 50.0
1648.7708598653417 50.0
1648.1344069889049 50.0
1648.2935202080141 50.0
1646.8615012360315 50.0
1647.9752937697956 50.0
1647.497954112468 50.0
1647.9752937697956 50.0
1648.929973084451 50.0
1648.4526334271231 50.0
1648.1344069889049 50.0
1648.1344069889049 50.0
1648.6117466462324 50.0
1648.5321900366778 50.0
1648.8504164748963 50.0
1649.0890863035602 50.0
1649.2481995226694 50.0
1649.0890863035602 50.0
1649.4073127417785 50.0
1648.929973084451 50.0
1648.929973084451 50.0
1648.7708598653417 50.0
1649.725539179997 50.0
1650.0437656182155 50.0
1650.361992056434 50.0
1649.1686429131146 50.0
1648.6117466462324 50.0
1649.4073127417785 50.0
1649.725539179997 50.0
1649.4073127417785 50.0
1649.0890863035602 50.0
1648.4526334271231 50.0
1648.1344069889049 50.0
1648.3730768175687 50.0
1649.0890863035602 50.0
1647.8161805506866 50.0
1647.0206144551407 50.0
1646.8615012360315 50.0
1646.7023880169224 50.0
1646.3841615787042 50.0
1647.497954112468 50.0
1647.5775107220227 50.0
1647.895737160241 50.0
1648.0548503793502 50.0
1648.1344069889049 50.0
1648.2935202080141 50.0
1647.8161805506866 50.0
1648.1344069889049 50.0
1648.6117466462324 50.0
1646.7023880169224 50.0
1646.5432747978132 50.0
1647.497954112468 50.0
1647.338840893359 50.0
1647.4183975029136 50.0
1648.0548503793502 50.0
1647.338840893359 50.0
1647.1001710646951 50.0
1647.1797276742498 50.0
1648.0548503793502 50.0
1648.2935202080141 50.0
1648.2139635984595 50.0
1647.4183975029136 50.0
1648.7708598653417 50.0
1648.5321900366778 50.0
1648.929973084451 50.0
1649.1686429131146 50.0
1648.5321900366778 50.0
1648.7708598653417 50.0
1649.0890863035602 50.0
1648.3730768175687 50.0
1647.8161805506866 50.0
1647.497954112468 50.0
1648.691303255787 50.0
1649.3277561322238 50.0
1649.5664259608877 50.0
1649.6459825704424 50.0
1651.2371147615352 50.0
1652.987360171738 50.0
1653.3055866099567 50.0
1654.578492362832 50.0
1655.6127282870434 50.0
1656.4878509921457 50.0
1657.044747259029 50.0
1657.6016435259126 50.0
1657.3629736972482 50.0
1657.1243038685839 50.0
1657.6016435259126 50.0
1657.1243038685839 50.0
1656.6469642112552 50.0
1655.0558320201603 50.0
1655.771841506153 50.0
1656.2491811634814 50.0
1656.4878509921457 50.0
1656.8060774303647 50.0
1657.1243038685839 50.0
1656.9651906494744 50.0
1657.1243038685839 50.0
1655.8513981157078 50.0
1656.9651906494744 50.0
1656.3287377730362 50.0
1656.0105113348172 50.0
1655.9309547252624 50.0
1655.771841506153 50.0
1655.135388629715 50.0
1655.2149452392698 50.0
1654.6580489723867 50.0
1655.3740584583793 50.0
1655.8513981157078 50.0
1655.6127282870434 50.0
1655.771841506153 50.0
1655.6922848965983 50.0
1655.4536150679342 50.0
1655.2945018488244 50.0
1654.7376055819414 50.0
1654.339822534168 50.0
1654.021596095949 50.0
1653.8624828768395 50.0
1653.6238130481754 50.0
1652.5895771239645 50.0
1650.9984449328713 50.0
1650.1233222277701 50.0
1649.8050957895516 50.0
1648.7708598653417 50.0
1648.8504164748963 50.0
1648.691303255787 50.0
1647.895737160241 50.0
1647.736623941132 50.0
1647.497954112468 50.0
1647.497954112468 50.0
1646.941057845586 50.0
1646.8615012360315 50.0
1645.5885954831585 50.0
1644.7930293876132 50.0
1645.2703690449405 50.0
1646.0659351404859 50.0
1644.7930293876132 50.0
1644.6339161685041 50.0
1643.838350072959 50.0
1643.2018971965229 50.0
1643.67923685385 50.0
1642.247217881869 50.0
1641.1334253481064 50.0
1640.9743121289976 50.0
1639.3831799379086 50.0
1638.905840280582 50.0
1638.7467270614732 50.0
1638.5876138423641 50.0
1638.4285006232553 50.0
1638.6671704519188 50.0
1638.348944013701 50.0
1638.348944013701 50.0
1638.5876138423641 50.0
1638.5876138423641 50.0
1637.951160965929 50.0
1637.553377918157 50.0
1636.2009155557323 50.0
1635.0871230219711 50.0
1635.8031325079605 50.0
1636.0418023366235 50.0
1635.7235758984061 50.0
1633.4959908308845 50.0
1633.893773878656 50.0
1632.939094564004 50.0
1631.6661888111353 50.0
1630.3932830582667 50.0
1631.904858639798 50.0
1630.6319528869294 50.0
1629.597716962724 50.0
1628.8021508671814 50.0
1627.370131895205 50.0
1626.8132356283254 50.0
1627.2110186760965 50.0
1627.9270281620848 50.0
1626.972348847434 50.0
1626.4950091901087 50.0
1627.1314620665423 50.0
1626.972348847434 50.0
1627.370131895205 50.0
1627.370131895205 50.0
1627.1314620665423 50.0
1626.4950091901087 50.0
1625.1425468276873 50.0
1624.3469807321453 50.0
1623.7900844652663 50.0
1623.4718580270496 50.0
1622.1193956646289 50.0
1622.3580654932914 50.0
1622.5171787123998 50.0
1621.8807258359666 50.0
1620.7669333022088 50.0
1620.1304804257759 50.0
1620.4487068639924 50.0
1620.6873766926547 50.0
1620.1304804257759 50.0
1618.9371312824642 50.0
1619.0166878920184 50.0
1617.425555700937 50.0
1617.1868858722746 50.0
1617.425555700937 50.0
1615.8344235098557 50.0
1615.3570838525313 50.0
1615.4366404620855 50.0
1614.9593008047611 50.0
1614.5615177569912 50.0
1614.800187585653 50.0
1615.3570838525313 50.0
1614.6410743665451 50.0
1614.243291318775 50.0
1613.845508271005 50.0
1614.0841780996668 50.0
1614.163734709221 50.0
1614.720630976099 50.0
1613.6863950518969 50.0
1614.0046214901129 50.0
1613.606838442343 50.0
1613.925064880559 50.0
1613.7659516614508 50.0
1613.1294987850188 50.0
1612.8112723468028 50.0
1612.8908289563567 50.0
1613.2090553945727 50.0
1612.5726025181407 50.0
1613.0499421754648 50.0
1612.7317157372488 50.0
1612.8908289563567 50.0
1613.0499421754648 50.0
1612.4134892990328 50.0
1611.7770364226008 50.0
1611.140583546169 50.0
1611.061026936615 50.0
1610.9019137175071 50.0
1610.583687279291 50.0
1609.390338135982 50.0
1608.75388525955 50.0
1609.5494513550898 50.0
1609.072111697766 50.0
1608.3561022117806 50.0
1609.15166830732 50.0
1610.583687279291 50.0
1609.5494513550898 50.0
1609.4698947455358 50.0
1609.4698947455358 50.0
1609.4698947455358 50.0
1609.7085645741977 50.0
1609.7085645741977 50.0
1609.4698947455358 50.0
1609.5494513550898 50.0
1609.231224916874 50.0
1609.231224916874 50.0
1609.072111697766 50.0
1609.072111697766 50.0
1609.072111697766 50.0
1610.1859042315214 50.0
1609.390338135982 50.0
1609.231224916874 50.0
1608.9129984786582 50.0
1607.878762554457 50.0
1608.4356588213345 50.0
1608.1969889926727 50.0
1608.1174323831187 50.0
1607.0036398493637 50.0
1606.5263001920403 50.0
1606.6854134111481 50.0
1605.8898473156091 50.0
1604.9351680009622 50.0
1603.8213754672079 50.0
1603.8213754672079 50.0
1604.298715124531 50.0
1603.8213754672079 50.0
1603.184922590777 50.0
1603.5031490289923 50.0
1603.9009320767618 50.0
1604.0600452958695 50.0
1603.5827056385463 50.0
1603.105365981223 50.0
1602.1506866665768 50.0
1601.8324602283612 50.0
1601.6733470092536 50.0
1602.0711300570229 50.0
1602.7075829334538 50.0
1602.548469714346 50.0
1601.5937903996999 50.0
1600.3208846468383 50.0
1600.7982243041613 50.0
1600.479997865946 50.0
1600.002658208623 50.0
1599.604875160854 50.0
1600.4004412563922 50.0
1599.7639883799616 50.0
1599.127535503531 50.0
1598.8093090653158 50.0
1597.7750731411163 50.0
1597.2977334837935 50.0
1597.3772900933473 50.0
1597.536403312455 50.0
1597.934186360224 50.0
1597.934186360224 50.0
1597.0590636551321 50.0
1596.3430541691482 50.0
1595.706601292718 50.0
1595.6270446831643 50.0
1594.8314785876264 50.0
1593.9563558825353 50.0
1594.035912492089 50.0
1593.0016765678904 50.0
1593.3199030061053 50.0
1592.763006739229 50.0
1591.9674406436918 50.0
1591.8083274245844 50.0
1591.4901009863695 50.0
1590.774091500386 50.0
1590.21719523351 50.0
1590.3763084526174 50.0
1590.1376386239563 50.0
1589.421629137973 50.0
1589.2625159188656 50.0
1590.8536481099397 50.0
1591.092317938601 50.0
1591.1718745481546 50.0
1591.0127613290472 50.0
1590.3763084526174 50.0
1590.8536481099397 50.0
1591.330987767262 50.0
1591.649214205477 50.0
1591.649214205477 50.0
1591.1718745481546 50.0
1590.8536481099397 50.0
1590.0580820144025 50.0
1588.7851762615435 50.0
1588.5465064328826 50.0
1589.2625159188656 50.0
1588.944289480651 50.0
1588.4669498233288 50.0
1588.0691667755602 50.0
1587.9896101660067 50.0
1587.8304969468993 50.0
1587.5122705086847 50.0
1587.3531572895772 50.0
1587.5122705086847 50.0
1588.0691667755602 50.0
1588.2282799946677 50.0
1588.148723385114 50.0
1587.8304969468993 50.0
1587.8304969468993 50.0
1587.0349308513626 50.0
1587.3531572895772 50.0
1588.148723385114 50.0
1588.2282799946677 50.0
1588.7056196519898 50.0
1588.7851762615435 50.0
1588.8647328710972 50.0
1589.0238460902046 50.0
1587.9896101660067 50.0
1586.8758176322551 50.0
1587.19404407047 50.0
1586.8758176322551 50.0
1587.0349308513626 50.0
1586.716704413148 50.0
1586.3984779749333 50.0
1586.8758176322551 50.0
1586.7962610227016 50.0
1586.7962610227016 50.0
1588.2282799946677 50.0
1588.5465064328826 50.0
1589.182959309312 50.0
1589.6602989666342 50.0
1589.8194121857416 50.0
1589.8194121857416 50.0
1589.9785254048488 50.0
1590.774091500386 50.0
1590.8536481099397 50.0
1590.8536481099397 50.0
1591.0127613290472 50.0
1591.330987767262 50.0
1591.649214205477 50.0
1591.8083274245844 50.0
1591.649214205477 50.0
1591.8083274245844 50.0
1591.9674406436918 50.0
1592.1265538627993 50.0
1592.763006739229 50.0
1592.9221199583367 50.0
1593.0812331774441 50.0
1592.2856670819067 50.0
1592.6038935201216 50.0
1592.763006739229 50.0
1593.5585728347664 50.0
1593.399459615659 50.0
1594.1950257111964 50.0
1594.990591806734 50.0
1595.4679314640566 50.0
1594.990591806734 50.0
1595.3088182449492 50.0
1595.4679314640566 50.0
1595.6270446831643 50.0
1596.2634975595943 50.0
1596.422610778702 50.0
1596.2634975595943 50.0
1597.0590636551321 50.0
1596.422610778702 50.0
1596.5021673882557 50.0
1596.5021673882557 50.0
1597.4568467029012 50.0
1597.138620264686 50.0
1597.934186360224 50.0
1597.7750731411163 50.0
1597.6159599220089 50.0
1597.7750731411163 50.0
1597.6159599220089 50.0
1598.4115260175467 50.0
1598.729752455762 50.0
1599.5253185513002 50.0
1599.8435449895155 50.0
1600.002658208623 50.0
1598.8888656748695 50.0
1598.4115260175467 50.0
1599.0479788939772 50.0
1599.3662053321925 50.0
1599.5253185513002 50.0
1600.002658208623 50.0
1600.002658208623 50.0
1599.5253185513002 50.0
1599.6844317704079 50.0
1599.6844317704079 50.0
1600.479997865946 50.0
1601.5937903996999 50.0
1601.7529036188075 50.0
1601.1164507423766 50.0
1601.2755639614843 50.0
1601.7529036188075 50.0
1600.7982243041613 50.0
1601.1164507423766 50.0
1601.2755639614843 50.0
1601.1164507423766 50.0
1600.6391110850536 50.0
1600.7982243041613 50.0
1600.7982243041613 50.0
1600.957337523269 50.0
1600.7982243041613 50.0
1601.2755639614843 50.0
1601.7529036188075 50.0
1601.434677180592 50.0
1601.5937903996999 50.0
1603.0258093716693 50.0
1603.6622622481002 50.0
1603.9804886863155 50.0
1603.8213754672079 50.0
1604.9351680009622 50.0
1605.2533944391778 50.0
1605.0942812200701 50.0
1605.2533944391778 50.0
1605.4125076582857 50.0
1605.8898473156091 50.0
1605.5716208773933 50.0
1605.0942812200701 50.0
1604.7760547818546 50.0
1604.298715124531 50.0
1604.6169415627467 50.0
1605.2533944391778 50.0
1604.6169415627467 50.0
1604.5373849531927 50.0
1604.0600452958695 50.0
1603.2644792003307 50.0
1602.9462527621154 50.0
1603.2644792003307 50.0
1603.2644792003307 50.0
1603.5827056385463 50.0
1603.4235924194386 50.0
1603.9009320767618 50.0
1605.0147246105162 50.0
1606.4467435824863 50.0
1607.2423096780255 50.0
1607.719649335349 50.0
1608.1969889926727 50.0
1608.1969889926727 50.0
1608.3561022117806 50.0
1608.1969889926727 50.0
1608.9925550882122 50.0
1608.6743286499964 50.0
1608.8334418691043 50.0
1609.15166830732 50.0
1609.9472344028595 50.0
1610.1063476219674 50.0
1610.583687279291 50.0
1610.1063476219674 50.0
1610.1063476219674 50.0
1610.1063476219674 50.0
1609.9472344028595 50.0
1610.583687279291 50.0
1611.538366593939 50.0
1612.3339326894788 50.0
1613.2886120041267 50.0
1613.606838442343 50.0
1614.243291318775 50.0
1614.5615177569912 50.0
1615.1979706334232 50.0
1615.0388574143153 50.0
1614.800187585653 50.0
1615.7548669003015 50.0
1616.0730933385178 50.0
1616.391319776734 50.0
1616.8686594340584 50.0
1616.5504329958421 50.0
1617.0277726531665 50.0
1617.9824519678152 50.0
1617.9824519678152 50.0
1618.9371312824642 50.0
1619.8918105971134 50.0
1620.6873766926547 50.0
1620.8464899117628 50.0
1621.0056031308711 50.0
1620.6873766926547 50.0
1621.0851597404253 50.0
1621.2442729595334 50.0
1621.0851597404253 50.0
1620.289593644884 50.0
1620.1304804257759 50.0
1619.653140768451 50.0
1620.4487068639924 50.0
1619.653140768451 50.0
1619.653140768451 50.0
1619.3349143302348 50.0
1619.9713672066675 50.0
1619.9713672066675 50.0
1620.1304804257759 50.0
1620.289593644884 50.0
1619.9713672066675 50.0
1620.4487068639924 50.0
1620.6078200831005 50.0
1621.56249939775 50.0
1621.4033861786418 50.0
1621.2442729595334 50.0
1621.4033861786418 50.0
1621.7216126168582 50.0
1622.3580654932914 50.0
1622.198952274183 50.0
1622.039839055075 50.0
1621.7216126168582 50.0
1622.039839055075 50.0
1622.039839055075 50.0
1622.198952274183 50.0
1621.56249939775 50.0
1621.56249939775 50.0
1621.4033861786418 50.0
1621.4033861786418 50.0
1621.56249939775 50.0
1622.039839055075 50.0
1621.8807258359666 50.0
1621.8807258359666 50.0
1621.642056007304 50.0
1621.642056007304 50.0
1621.3238295690876 50.0
1621.482942788196 50.0
1621.642056007304 50.0
1621.642056007304 50.0
1622.2785088837372 50.0
1621.9602824455208 50.0
1621.8011692264124 50.0
1621.0056031308711 50.0
1621.1647163499792 50.0
1620.8464899117628 50.0
1621.0056031308711 50.0
1620.3691502544382 50.0
1620.0509238162217 50.0
1620.21003703533 50.0
1620.0509238162217 50.0
1620.1304804257759 50.0
1620.289593644884 50.0
1620.1304804257759 50.0
1619.653140768451 50.0
1619.1758011111267 50.0
1619.1758011111267 50.0
1618.698461453802 50.0
1618.698461453802 50.0
1618.539348234694 50.0
1618.698461453802 50.0
1618.539348234694 50.0
1618.539348234694 50.0
1618.3802350155856 50.0
1618.2211217964775 50.0
1618.3802350155856 50.0
1618.2211217964775 50.0
1618.0620085773694 50.0
1617.823338748707 50.0
1617.5051123104909 50.0
1617.5051123104909 50.0
1617.5051123104909 50.0
1617.0277726531665 50.0
1617.0277726531665 50.0
1616.8686594340584 50.0
1616.8686594340584 50.0
1616.7095462149503 50.0
1616.5504329958421 50.0
1616.7095462149503 50.0
1616.5504329958421 50.0
1616.391319776734 50.0
1616.232206557626 50.0
1616.5504329958421 50.0
1616.5504329958421 50.0
1616.391319776734 50.0
1616.391319776734 50.0
1616.391319776734 50.0
