mLSAHDE-RL
1492.442122092447 50.0
1494.5105939408302 50.0
1429.115060888015 50.0
1431.183532736406 50.0
1408.4303424040768 50.0
1424.3416643148034 50.0
1403.975172269067 50.0
1410.0214745951512 50.0
1416.863343016766 50.0
1401.5884739824533 50.0
1406.2027573365722 50.0
1397.9288699429771 50.0
1409.3850217187214 50.0
1402.3840400779911 50.0
1416.3860033594444 50.0
1406.8392102130022 50.0
1418.772701646053 50.0
1438.9800804726442 50.0
1428.3194947924799 50.0
1440.8894391019264 50.0
1433.7293442421171 50.0
1446.935741427984 50.0
1441.5258919783537 50.0
1450.1180058101186 50.0
1454.7322891642118 50.0
1452.1864776585053 50.0
1458.7101196418773 50.0
1455.6869684788517 50.0
1463.8017426532876 50.0
1460.1421386138366 50.0
1464.4381955297138 50.0
1468.8933656646964 50.0
1465.5519880634595 50.0
1469.3707053220157 50.0
1466.5066673780987 50.0
1468.7342524455898 50.0
1465.5519880634595 50.0
1470.4844978557612 50.0
1471.120950732187 50.0
1468.8933656646964 50.0
1475.7352340862744 50.0
1472.2347432659324 50.0
1474.14410189521 50.0
1472.0756300468258 50.0
1480.0312910021482 50.0
1489.5780841485323 50.0
1487.1913858619364 50.0
1497.851971542064 50.0
1493.7150278452982 50.0
1508.5125572221912 50.0
1515.6726520819786 50.0
1511.0583687278931 50.0
1515.9908785201915 50.0
1511.0583687278931 50.0
1517.1046710539363 50.0
1513.6041802335956 50.0
1516.149991739298 50.0
1515.1953124246595 50.0
1512.172161261638 50.0
1514.7179727673404 50.0
1511.2174819469997 50.0
1512.96772735717 50.0
1513.6041802335956 50.0
1512.0130480425316 50.0
1512.0130480425316 50.0
1511.0583687278931 50.0
1512.96772735717 50.0
1515.1953124246595 50.0
1512.8086141380636 50.0
1514.3997463291275 50.0
1512.3312744807445 50.0
1513.9224066718084 50.0
1514.2406331100212 50.0
1512.3312744807445 50.0
1513.9224066718084 50.0
1512.649500918957 50.0
1515.5135388628723 50.0
1515.1953124246595 50.0
1512.4903876998508 50.0
1513.7632934527019 50.0
1510.4219158514677 50.0
1512.4903876998508 50.0
1512.96772735717 50.0
1511.376595166106 50.0
1512.172161261638 50.0
1510.7401422896805 50.0
1510.2628026323614 50.0
1510.4219158514677 50.0
1507.557877907553 50.0
1507.8761043457655 50.0
1504.8529531827444 50.0
1504.216500306319 50.0
1505.966745716489 50.0
1504.0573870872124 50.0
1504.693839963638 50.0
1506.6031985929146 50.0
1504.693839963638 50.0
1504.5347267445316 50.0
1502.148028457936 50.0
1505.3302928400635 50.0
1506.6031985929146 50.0
1505.0120664018507 50.0
1507.7169911266592 50.0
1506.1258589355955 50.0
1508.5125572221912 50.0
1510.4219158514677 50.0
1509.6263497559357 50.0
1512.172161261638 50.0
1514.3997463291275 50.0
1513.2859537953827 50.0
1515.8317653010852 50.0
1513.9224066718084 50.0
1515.6726520819786 50.0
1517.422897492149 50.0
1516.4682181775108 50.0
1518.3775768067876 50.0
1518.5366900258941 50.0
1517.2637842730428 50.0
1519.8095957787455 50.0
1518.5366900258941 50.0
1519.9687089978518 50.0
1521.0825015315968 50.0
1519.1731429023198 50.0
1520.9233883124903 50.0
1521.4007279698096 50.0
1520.764275093384 50.0
1521.2416147507033 50.0
1519.332256121426 50.0
1520.1278222169583 50.0
1522.5145205035546 50.0
1520.1278222169583 50.0
1524.105652694619 50.0
1527.606143514961 50.0
1526.9696906385352 50.0
1530.3110682397712 50.0
1533.6524458410079 50.0
1532.3795400881559 50.0
1535.5618044702862 50.0
1536.0391441276058 50.0
1534.607125155647 50.0
1535.5618044702862 50.0
1534.7662383747536 50.0
1538.1076159759912 50.0
1539.698748167057 50.0
1538.5849556333108 50.0
1541.7672200154425 50.0
1545.745050493108 50.0
1544.7903711784681 50.0
1546.5406165886413 50.0
1552.4278056955889 50.0
1551.1548999427353 50.0
1554.1780511057632 50.0
1557.042089049685 50.0
1556.4056361732578 50.0
1558.633221240753 50.0
1561.4972591846763 50.0
1560.8608063082488 50.0
1563.7248442521723 50.0
1565.3159764432414 50.0
1563.8839574712792 50.0
1567.8617879489523 50.0
1569.9302597973428 50.0
1568.4982408253802 50.0
1570.725825892878 50.0
1573.4307506176974 50.0
1571.362278769306 50.0
1572.4760713030553 50.0
1572.157844864841 50.0
1571.362278769306 50.0
1573.2716373985904 50.0
1573.2716373985904 50.0
1571.362278769306 50.0
1572.4760713030553 50.0
1573.2716373985904 50.0
1572.157844864841 50.0
1573.1125241794834 50.0
1573.9080902750186 50.0
1573.7489770559116 50.0
1573.2716373985904 50.0
1574.0672034941258 50.0
1572.4760713030553 50.0
1572.316958083948 50.0
1572.6351845221623 50.0
1571.362278769306 50.0
1571.203165550199 50.0
1571.5213919884131 50.0
1570.407599454664 50.0
1570.725825892878 50.0
1571.203165550199 50.0
1571.044052331092 50.0
1570.407599454664 50.0
1570.248486235557 50.0
1569.1346937018081 50.0
1568.3391276062732 50.0
1568.0209011680593 50.0
1567.5435615107383 50.0
1567.7026747298453 50.0
1567.8617879489523 50.0
1567.5435615107383 50.0
1566.4297689769899 50.0
1566.4297689769899 50.0
1566.9071086343106 50.0
1566.2706557578829 50.0
1565.1568632241344 50.0
1564.3612971286 50.0
1563.4066178139585 50.0
1563.2475045948518 50.0
1563.4066178139585 50.0
1562.6110517184243 50.0
1562.2928252802105 50.0
1561.9745988419968 50.0
1561.3381459655693 50.0
1560.8608063082488 50.0
1560.542579870035 50.0
1560.0652402127146 50.0
1559.1105608980736 50.0
1559.587900555394 50.0
1559.4287873362873 50.0
1558.4741080216463 50.0
1557.6785419261123 50.0
1557.2012022687918 50.0
1556.4056361732578 50.0
1556.0874097350443 50.0
1554.973617201297 50.0
1554.33716432487 50.0
1553.8598246675497 50.0
1553.3824850102294 50.0
1553.3824850102294 50.0
1552.7460321338024 50.0
1551.9504660382688 50.0
1551.791352819162 50.0
1551.1548999427353 50.0
1550.200220628095 50.0
1548.9273148752413 50.0
1548.2908619988145 50.0
1548.609088437028 50.0
1547.9726355606012 50.0
1547.3361826841747 50.0
1546.699729807748 50.0
1546.699729807748 50.0
1545.9041637122148 50.0
1546.0632769313213 50.0
1545.4268240548947 50.0
1544.7903711784681 50.0
1544.3130315211483 50.0
1544.3130315211483 50.0
1544.3925881307016 50.0
1543.756135254275 50.0
1543.2787955969552 50.0
1543.756135254275 50.0
1543.5970220351685 50.0
1543.437908816062 50.0
1542.8014559396354 50.0
1541.8467766249958 50.0
1541.5285501867827 50.0
1541.369436967676 50.0
1540.8125407008029 50.0
1540.6534274816963 50.0
1540.3352010434833 50.0
1539.3805217288436 50.0
1539.221408509737 50.0
1538.4258424142042 50.0
1537.7893895377779 50.0
1537.1529366613518 50.0
1536.5164837849256 50.0
1535.7209176893928 50.0
1534.4480119365405 50.0
1533.970672279221 50.0
1533.0159929645818 50.0
1532.8568797454752 50.0
1532.8568797454752 50.0
1532.5386533072624 50.0
1531.2657475544102 50.0
1531.2657475544102 50.0
1531.2657475544102 50.0
1531.2657475544102 50.0
1530.9475211161973 50.0
1530.6292946779843 50.0
1530.4701814588777 50.0
1530.549738068431 50.0
1530.231511630218 50.0
1530.231511630218 50.0
1530.3906248493245 50.0
1530.1519550206647 50.0
1529.6746153633453 50.0
1529.9928418015581 50.0
1529.7541719728986 50.0
1529.6746153633453 50.0
1529.197275706026 50.0
1529.0381624869194 50.0
1529.1177190964727 50.0
1529.4359455346855 50.0
1529.595058753792 50.0
1528.9586058773662 50.0
1528.7994926582596 50.0
1528.4017096104935 50.0
1528.7199360487064 50.0
1528.4017096104935 50.0
1527.9243699531742 50.0
1527.606143514961 50.0
1527.606143514961 50.0
1527.4470302958546 50.0
1526.6514642003224 50.0
1525.6967848856837 50.0
1525.0603320092578 50.0
1524.5829923519384 50.0
1524.2647659137256 50.0
1523.9465394755127 50.0
1523.6283130372997 50.0
1523.2305299895336 50.0
1523.38964320864 50.0
1523.38964320864 50.0
1523.0714167704273 50.0
1522.9123035513207 50.0
1523.707869646853 50.0
1523.5487564277466 50.0
1522.9123035513207 50.0
1522.9123035513207 50.0
1522.594077113108 50.0
1522.275850674895 50.0
1522.275850674895 50.0
1522.594077113108 50.0
1522.9123035513207 50.0
1522.7531903322144 50.0
1522.7531903322144 50.0
1523.2305299895336 50.0
1522.594077113108 50.0
1522.594077113108 50.0
1522.1167374557886 50.0
1521.7985110175757 50.0
1521.0029449220435 50.0
1520.5256052647244 50.0
1521.0029449220435 50.0
1521.480284579363 50.0
1521.7985110175757 50.0
1521.3211713602564 50.0
1521.3211713602564 50.0
1521.16205814115 50.0
1520.8438317029372 50.0
1520.6847184838307 50.0
1520.3664920456179 50.0
1520.048265607405 50.0
1519.7300391691922 50.0
1519.570925950086 50.0
1519.4118127309794 50.0
1519.7300391691922 50.0
1519.2526995118728 50.0
1519.0935862927665 50.0
1519.4118127309794 50.0
1519.2526995118728 50.0
1518.4571334163409 50.0
1518.7753598545537 50.0
1520.2073788265116 50.0
1520.2073788265116 50.0
1519.570925950086 50.0
1519.8891523882987 50.0
1519.2526995118728 50.0
1519.7300391691922 50.0
1520.2073788265116 50.0
1520.2073788265116 50.0
1520.048265607405 50.0
1519.8891523882987 50.0
1519.570925950086 50.0
1519.2526995118728 50.0
1519.2526995118728 50.0
1519.570925950086 50.0
1519.2526995118728 50.0
1519.2526995118728 50.0
1518.93447307366 50.0
1518.6162466354472 50.0
1518.138906978128 50.0
1518.138906978128 50.0
1518.2980201972343 50.0
1517.8206805399152 50.0
1517.343340882596 50.0
1517.661567320809 50.0
1517.5024541017024 50.0
1517.0251144443832 50.0
1516.7068880061704 50.0
1516.3886615679576 50.0
1516.3886615679576 50.0
1516.5477747870639 50.0
1517.0251144443832 50.0
1516.7068880061704 50.0
1516.8660012252767 50.0
1517.0251144443832 50.0
1517.0251144443832 50.0
1516.8660012252767 50.0
1517.5024541017024 50.0
1517.5024541017024 50.0
1517.5024541017024 50.0
1517.343340882596 50.0
1517.661567320809 50.0
1517.9797937590217 50.0
1517.9797937590217 50.0
1517.661567320809 50.0
1517.0251144443832 50.0
1517.1046710539363 50.0
1516.7864446157237 50.0
1516.4682181775108 50.0
1516.149991739298 50.0
1516.3886615679576 50.0
1516.8660012252767 50.0
1517.0251144443832 50.0
1517.1842276634895 50.0
1516.5477747870639 50.0
1517.1842276634895 50.0
1516.3886615679576 50.0
1516.149991739298 50.0
1516.149991739298 50.0
1517.0251144443832 50.0
1517.1046710539363 50.0
1516.94555783483 50.0
1516.4682181775108 50.0
1516.149991739298 50.0
1515.752208691532 50.0
1515.5930954724256 50.0
1516.8660012252767 50.0
1516.3091049584043 50.0
1516.3091049584043 50.0
1515.9908785201915 50.0
1516.4682181775108 50.0
1515.8317653010852 50.0
1514.956642596 50.0
1514.3997463291275 50.0
1514.0815198909147 50.0
1513.2859537953827 50.0
1512.8086141380636 50.0
1512.8086141380636 50.0
1513.445067014489 50.0
1513.2859537953827 50.0
1512.96772735717 50.0
1512.4903876998508 50.0
1512.172161261638 50.0
1511.853934823425 50.0
1511.853934823425 50.0
1511.6948216043188 50.0
1511.376595166106 50.0
1511.376595166106 50.0
1511.0583687278931 50.0
1510.7401422896805 50.0
1509.785462975042 50.0
1509.308123317723 50.0
1509.785462975042 50.0
1510.1036894132549 50.0
1510.4219158514677 50.0
1511.376595166106 50.0
1511.5357083852125 50.0
1511.774378213872 50.0
1511.6152649947655 50.0
1511.4561517756592 50.0
1510.97881211834 50.0
1511.1379253374464 50.0
1510.97881211834 50.0
1511.1379253374464 50.0
1511.1379253374464 50.0
1511.297038556553 50.0
1510.7401422896805 50.0
1510.1036894132549 50.0
1509.6263497559357 50.0
1509.308123317723 50.0
1509.6263497559357 50.0
1509.6263497559357 50.0
1509.3876799272762 50.0
1509.5467931463825 50.0
1509.3876799272762 50.0
1508.910340269957 50.0
1509.2285667081699 50.0
1509.2285667081699 50.0
1509.0694534890633 50.0
1508.7512270508507 50.0
1508.7512270508507 50.0
1508.2738873935316 50.0
1508.114774174425 50.0
1507.9556609553188 50.0
1508.114774174425 50.0
1508.114774174425 50.0
1507.637434517106 50.0
1507.4783212979996 50.0
1507.4783212979996 50.0
1507.4783212979996 50.0
1507.9556609553188 50.0
1508.114774174425 50.0
1507.9556609553188 50.0
1507.637434517106 50.0
1507.637434517106 50.0
1507.4783212979996 50.0
1507.0009816406805 50.0
1506.8418684215742 50.0
1507.1600948597868 50.0
1506.8418684215742 50.0
1506.5236419833614 50.0
1506.6827552024677 50.0
1506.5236419833614 50.0
1507.1600948597868 50.0
1506.8418684215742 50.0
1506.8418684215742 50.0
1506.6827552024677 50.0
1506.8418684215742 50.0
1506.2054155451485 50.0
1506.364528764255 50.0
1506.5236419833614 50.0
1504.9325097922977 50.0
1504.296056915872 50.0
1504.4551701349785 50.0
1504.6142833540848 50.0
1503.9778304776594 50.0
1503.9778304776594 50.0
1503.9778304776594 50.0
1504.4551701349785 50.0
1504.7733965731911 50.0
1504.7733965731911 50.0
1504.6142833540848 50.0
1505.091623011404 50.0
1505.4098494496168 50.0
1506.2054155451485 50.0
1506.5236419833614 50.0
1506.8418684215742 50.0
1507.1600948597868 50.0
1507.4783212979996 50.0
1508.2738873935316 50.0
1508.2738873935316 50.0
1508.910340269957 50.0
1509.3876799272762 50.0
1509.3876799272762 50.0
1510.0241328037018 50.0
1510.8196988992336 50.0
1510.97881211834 50.0
1511.6152649947655 50.0
1512.2517178711912 50.0
1512.2517178711912 50.0
1512.7290575285103 50.0
1513.0472839667232 50.0
1513.0472839667232 50.0
1513.0472839667232 50.0
1513.365510404936 50.0
1513.2063971858295 50.0
1513.8428500622551 50.0
1513.5246236240423 50.0
1514.0019632813614 50.0
1514.3201897195743 50.0
1514.4793029386808 50.0
1514.638416157787 50.0
1515.2748690342128 50.0
1515.752208691532 50.0
1515.5930954724256 50.0
1515.8317653010852 50.0
1516.6273313966171 50.0
1516.6273313966171 50.0
1516.7068880061704 50.0
1516.94555783483 50.0
1517.1046710539363 50.0
1518.2184635876813 50.0
1518.2184635876813 50.0
1518.0593503685748 50.0
1518.7753598545537 50.0
1519.4913693405326 50.0
1519.7300391691922 50.0
1519.4118127309794 50.0
1519.4913693405326 50.0
1519.8095957787455 50.0
1519.570925950086 50.0
1519.8095957787455 50.0
1519.4913693405326 50.0
1520.4460486551711 50.0
1520.5256052647244 50.0
1521.3211713602564 50.0
1521.7189544080225 50.0
1522.4349638940014 50.0
1522.7531903322144 50.0
1522.4349638940014 50.0
1523.7874262564062 50.0
1524.0260960850658 50.0
1524.6625489614917 50.0
1524.742105571045 50.0
1525.0603320092578 50.0
1525.5376716665771 50.0
1526.174124543003 50.0
1526.9696906385352 50.0
1526.9696906385352 50.0
1527.606143514961 50.0
1527.5265869054078 50.0
1527.5265869054078 50.0
1527.6857001245144 50.0
1528.242596391387 50.0
1529.1177190964727 50.0
1528.9586058773662 50.0
1529.276832315579 50.0
1529.3563889251323 50.0
1528.7199360487064 50.0
1528.879049267813 50.0
1530.6292946779843 50.0
1531.1066343353036 50.0
1531.50441738307 50.0
1531.7430872117297 50.0
1531.9022004308363 50.0
1532.140870259496 50.0
1533.2546627932416 50.0
1533.095549574135 50.0
1534.3684553269873 50.0
1533.8911156696677 50.0
1534.3684553269873 50.0
1534.607125155647 50.0
1534.9253515938601 50.0
1536.118700737159 50.0
1536.1982573467124 50.0
1536.4369271753724 50.0
1537.0733800517985 50.0
1537.3120498804583 50.0
1537.550719709118 50.0
1538.8236254619706 50.0
1538.346285804651 50.0
1538.7440688524173 50.0
1538.903182071524 50.0
1539.221408509737 50.0
1539.3805217288436 50.0
1540.7329840912496 50.0
1540.4943142625898 50.0
1540.1760878243765 50.0
1540.6534274816963 50.0
1540.9716539199094 50.0
1541.369436967676 50.0
1541.5285501867827 50.0
1542.3241162823156 50.0
1542.165003063209 50.0
1542.8014559396354 50.0
1542.3241162823156 50.0
1542.0058898441023 50.0
1542.0058898441023 50.0
1541.6876634058892 50.0
1542.4036728918688 50.0
1542.2445596727623 50.0
1543.2787955969552 50.0
1543.2787955969552 50.0
1542.9605691587421 50.0
1542.483229501422 50.0
1542.7218993300821 50.0
1542.4036728918688 50.0
1542.8014559396354 50.0
1543.437908816062 50.0
1543.1196823778487 50.0
1542.9605691587421 50.0
1543.437908816062 50.0
1543.1196823778487 50.0
1542.9605691587421 50.0
1542.9605691587421 50.0
1542.9605691587421 50.0
1542.8014559396354 50.0
1542.8014559396354 50.0
1543.1196823778487 50.0
1542.8014559396354 50.0
1542.483229501422 50.0
1543.1196823778487 50.0
1542.6423427205289 50.0
1542.9605691587421 50.0
1542.9605691587421 50.0
1543.0401257682954 50.0
1542.483229501422 50.0
1542.165003063209 50.0
1542.0854464536558 50.0
1541.926333234549 50.0
1542.0854464536558 50.0
1542.7218993300821 50.0
1543.199238987402 50.0
1543.3583522065087 50.0
1543.5174654256152 50.0
1543.0401257682954 50.0
1542.7218993300821 50.0
1542.7218993300821 50.0
1543.0401257682954 50.0
1543.199238987402 50.0
1543.0401257682954 50.0
1543.3583522065087 50.0
1543.6765786447218 50.0
1543.8356918638285 50.0
1543.6765786447218 50.0
1544.1539183020418 50.0
1545.2677108357882 50.0
1545.1085976166814 50.0
1545.2677108357882 50.0
1545.4268240548947 50.0
1545.2677108357882 50.0
1545.745050493108 50.0
1545.745050493108 50.0
1545.9041637122148 50.0
1545.9041637122148 50.0
1546.6201731981946 50.0
1547.3361826841747 50.0
1547.4952959032812 50.0
1546.6201731981946 50.0
1546.7792864173014 50.0
1546.8588430268546 50.0
1546.5406165886413 50.0
1546.8588430268546 50.0
1546.5406165886413 50.0
1547.0179562459614 50.0
1547.177069465068 50.0
1547.0179562459614 50.0
1546.5406165886413 50.0
1546.5406165886413 50.0
1546.3815033695346 50.0
1546.699729807748 50.0
1547.0179562459614 50.0
1547.0179562459614 50.0
1546.8588430268546 50.0
1547.0179562459614 50.0
1547.3361826841747 50.0
1546.8588430268546 50.0
1546.699729807748 50.0
1546.3815033695346 50.0
1546.5406165886413 50.0
1546.5406165886413 50.0
1546.222390150428 50.0
1546.3815033695346 50.0
1546.0632769313213 50.0
1545.745050493108 50.0
1546.3815033695346 50.0
1546.8588430268546 50.0
1547.177069465068 50.0
1546.8588430268546 50.0
1547.177069465068 50.0
1547.3361826841747 50.0
1547.654409122388 50.0
1547.8135223414947 50.0
1547.9726355606012 50.0
1547.9726355606012 50.0
1548.131748779708 50.0
1548.609088437028 50.0
1548.609088437028 50.0
1548.7682016561348 50.0
1548.7682016561348 50.0
1549.086428094348 50.0
1549.086428094348 50.0
1549.086428094348 50.0
1548.9273148752413 50.0
1548.7682016561348 50.0
1549.4046545325614 50.0
1549.5637677516681 50.0
1549.722880970775 50.0
1550.3593338472017 50.0
1550.8366735045217 50.0
1550.8366735045217 50.0
1550.8366735045217 50.0
1550.677560285415 50.0
1550.3593338472017 50.0
1550.677560285415 50.0
1550.8366735045217 50.0
1550.677560285415 50.0
1550.5184470663082 50.0
1550.3593338472017 50.0
1550.9957867236285 50.0
1551.3140131618418 50.0
1551.1548999427353 50.0
1550.9957867236285 50.0
1550.8366735045217 50.0
1550.8366735045217 50.0
1550.8366735045217 50.0
1550.9957867236285 50.0
1551.791352819162 50.0
1552.1095792573756 50.0
1552.1095792573756 50.0
1552.268692476482 50.0
1552.1095792573756 50.0
1552.5869189146956 50.0
1552.5869189146956 50.0
1552.7460321338024 50.0
1553.064258572016 50.0
1552.9051453529091 50.0
1552.9051453529091 50.0
1553.3824850102294 50.0
1553.3824850102294 50.0
1553.5415982293362 50.0
1553.700711448443 50.0
1553.5415982293362 50.0
1554.0189378866564 50.0
1554.1780511057632 50.0
1554.1780511057632 50.0
1554.33716432487 50.0
1554.1780511057632 50.0
1554.4962775439767 50.0
1554.4962775439767 50.0
1554.8145039821902 50.0
1554.8145039821902 50.0
1554.973617201297 50.0
1554.973617201297 50.0
1555.1327304204037 50.0
1555.2918436395105 50.0
1556.0874097350443 50.0
1556.246522954151 50.0
1556.7238626114715 50.0
1556.8829758305783 50.0
1556.8829758305783 50.0
1557.2012022687918 50.0
1558.1558815834326 50.0
1558.4741080216463 50.0
1558.633221240753 50.0
1558.7923344598598 50.0
1558.7923344598598 50.0
1558.7923344598598 50.0
1558.7923344598598 50.0
1558.7923344598598 50.0
1559.2696741171803 50.0
1559.4287873362873 50.0
1559.7470137745008 50.0
1560.0652402127146 50.0
1560.0652402127146 50.0
1560.0652402127146 50.0
1560.2243534318213 50.0
1560.2243534318213 50.0
1560.2243534318213 50.0
1560.0652402127146 50.0
1560.0652402127146 50.0
1560.542579870035 50.0
1560.701693089142 50.0
1560.701693089142 50.0
1561.0199195273558 50.0
1561.3381459655693 50.0
1561.4972591846763 50.0
1561.9745988419968 50.0
1562.6110517184243 50.0
1563.2475045948518 50.0
1563.2475045948518 50.0
1563.2475045948518 50.0
1563.2475045948518 50.0
1562.929278156638 50.0
1562.929278156638 50.0
1563.2475045948518 50.0
1563.5657310330655 50.0
1564.202183909493 50.0
1564.5204103477067 50.0
1564.6795235668137 50.0
1564.8386367859207 50.0
1565.1568632241344 50.0
1565.1568632241344 50.0
1565.7933161005622 50.0
1565.7933161005622 50.0
1565.9524293196691 50.0
1565.7933161005622 50.0
1565.9524293196691 50.0
1565.7933161005622 50.0
1565.7933161005622 50.0
1565.7933161005622 50.0
1565.7933161005622 50.0
1565.9524293196691 50.0
1565.9524293196691 50.0
1565.9524293196691 50.0
1566.5888821960968 50.0
1567.0662218534176 50.0
1567.7026747298453 50.0
1568.3391276062732 50.0
1570.248486235557 50.0
1572.7942977412692 50.0
1574.2263167132328 50.0
1576.9312414380536 50.0
1578.8406000673392 50.0
1581.06818513484 50.0
1582.5002041068049 50.0
1587.2736006800235 50.0
1589.3420725284193 50.0
1590.9332047194935 50.0
1591.887884034138 50.0
1594.2745823207501 50.0
1596.3430541691482 50.0
1599.0479788939772 50.0
1600.479997865946 50.0
1602.7075829334538 50.0
1604.298715124531 50.0
1606.0489605347168 50.0
1606.8445266302558 50.0
1607.4809795066874 50.0
1608.75388525955 50.0
1609.231224916874 50.0
1610.6632438888453 50.0
1610.981470327061 50.0
1612.0952628608168 50.0
1613.6863950518969 50.0
1615.2775272429774 50.0
1615.5957536811936 50.0
1616.391319776734 50.0
1616.7095462149503 50.0
1616.8686594340584 50.0
1617.1868858722746 50.0
1618.618904844248 50.0
1619.0962445015725 50.0
1619.0962445015725 50.0
1620.0509238162217 50.0
1620.6873766926547 50.0
1621.642056007304 50.0
1621.9602824455208 50.0
1622.2785088837372 50.0
1622.596735321954 50.0
1622.755848541062 50.0
1622.9149617601704 50.0
1623.0740749792787 50.0
1624.3469807321453 50.0
1624.983433608579 50.0
1625.1425468276873 50.0
1625.3016600467956 50.0
1625.460773265904 50.0
1625.6198864850126 50.0
1625.460773265904 50.0
1625.460773265904 50.0
1625.9381129232293 50.0
1625.9381129232293 50.0
1626.256339361446 50.0
1627.5292451143134 50.0
1627.5292451143134 50.0
1628.6430376480728 50.0
1628.8817074767355 50.0
1628.8817074767355 50.0
1629.040820695844 50.0
1629.3590471340613 50.0
1629.6772735722782 50.0
1629.6772735722782 50.0
1629.5181603531696 50.0
1629.6772735722782 50.0
1629.5181603531696 50.0
1629.5181603531696 50.0
1629.6772735722782 50.0
1629.6772735722782 50.0
1629.9955000104953 50.0
1629.9955000104953 50.0
1630.9501793251466 50.0
1630.9501793251466 50.0
1630.9501793251466 50.0
1630.6319528869294 50.0
1630.9501793251466 50.0
1631.1092925442551 50.0
1630.791066106038 50.0
1630.791066106038 50.0
1630.9501793251466 50.0
1630.9501793251466 50.0
1631.1092925442551 50.0
1631.5866322015809 50.0
1632.7004247353411 50.0
1632.8595379544497 50.0
1632.8595379544497 50.0
1633.3368776117757 50.0
1633.177764392667 50.0
1633.3368776117757 50.0
1633.655104049993 50.0
1633.8142172691016 50.0
1633.9733304882104 50.0
1634.2915569264278 50.0
1634.2915569264278 50.0
1634.2915569264278 50.0
1634.9280098028626 50.0
1634.9280098028626 50.0
1634.9280098028626 50.0
1634.9280098028626 50.0
1635.0871230219711 50.0
1635.4053494601887 50.0
1635.0871230219711 50.0
1635.0871230219711 50.0
1635.0871230219711 50.0
1635.24623624108 50.0
1635.4053494601887 50.0
1635.0871230219711 50.0
1635.0871230219711 50.0
1635.4053494601887 50.0
1635.4053494601887 50.0
1635.4053494601887 50.0
1635.7235758984061 50.0
1635.9622457270693 50.0
1635.8031325079605 50.0
1635.8031325079605 50.0
1635.9622457270693 50.0
1636.0418023366235 50.0
1636.2009155557323 50.0
1636.360028774841 50.0
1636.0418023366235 50.0
1636.0418023366235 50.0
1636.0418023366235 50.0
1636.0418023366235 50.0
1636.0418023366235 50.0
1636.360028774841 50.0
1636.2009155557323 50.0
1636.2804721652867 50.0
1636.5986986035043 50.0
1636.757811822613 50.0
1636.9169250417217 50.0
1637.0760382608305 50.0
1637.394264699048 50.0
1637.7124911372657 50.0
1637.8716043563745 50.0
1638.1898307945921 50.0
1638.1898307945921 50.0
1638.1898307945921 50.0
1638.1898307945921 50.0
1638.348944013701 50.0
1638.1898307945921 50.0
1638.5080572328097 50.0
1638.5080572328097 50.0
1638.5080572328097 50.0
1638.9853968901364 50.0
1638.9853968901364 50.0
1638.9853968901364 50.0
1639.1445101092452 50.0
1639.462736547463 50.0
1639.7809629856806 50.0
