RDE
1055.5172224026187 50.0
1053.2896373347712 50.0
1152.8945125081511 50.0
1251.2264819230431 50.0
1279.8668613634657 50.0
1315.0308827871422 50.0
1331.7377707937321 50.0
1326.3279213439878 50.0
1364.515093930257 50.0
1356.4003197557045 50.0
1374.539226734096 50.0
1399.042662476731 50.0
1405.0889648028196 50.0
1423.0687585619464 50.0
1432.2973252701547 50.0
1449.6406661527983 50.0
1447.731307523518 50.0
1473.9849886761035 50.0
1477.008139839126 50.0
1493.555914626192 50.0
1506.444085373808 50.0
1511.5357083852125 50.0
1527.4470302958546 50.0
1536.6755970040322 50.0
1542.7218993300821 50.0
1551.1548999427353 50.0
1555.4509568586172 50.0
1559.2696741171803 50.0
1572.7942977412692 50.0
1578.3632604100178 50.0
1581.06818513484 50.0
1590.4558650621711 50.0
1592.8425633487827 50.0
1597.2977334837935 50.0
1608.1174323831187 50.0
1614.481961147437 50.0
1623.7105278557121 50.0
1634.3711135359822 50.0
1640.0991894238985 50.0
1642.6450009296414 50.0
1650.2824354468794 50.0
1651.555341199754 50.0
1656.4878509921457 50.0
1662.8523797565315 50.0
1663.3297194138609 50.0
1665.5573044813987 50.0
1669.8533613973682 50.0
1669.535134959148 50.0
1674.785871189784 50.0
1677.013456257329 50.0
1679.4001545439858 50.0
1680.3548338586488 50.0
1683.0597585835292 50.0
1690.0607402244063 50.0
1688.9469476906295 50.0
1692.765664949295 50.0
1694.5159103595179 50.0
1697.3799483035214 50.0
1700.7213259048622 50.0
1703.1080241915363 50.0
1704.5400431635417 50.0
1705.1764960399887 50.0
1705.9720621355477 50.0
1707.2449678884427 50.0
1708.8361000795621 50.0
1711.0636851471304 50.0
1711.3819115853548 50.0
1713.7686098720374 50.0
1714.723289186711 50.0
1715.0415156249355 50.0
1719.0193461027463 50.0
1721.0878179512101 50.0
1723.1562897996753 50.0
1723.4745162379008 50.0
1725.3838748672551 50.0
1727.1341202774977 50.0
1725.542988086368 50.0
1727.7705731539497 50.0
1729.998158221533 50.0
1728.8843656877411 50.0
1730.634611097986 50.0
1732.5439697273453 50.0
1734.9306680140462 50.0
1737.476479519863 50.0
1737.3173663007492 50.0
1738.4311588345447 50.0
1736.3626869860677 50.0
1738.2720456154311 50.0
1739.385838149227 50.0
1739.8631778065683 50.0
1739.5449513683407 50.0
1740.6587439021373 50.0
1740.4996306830235 50.0
1740.817857121251 50.0
1742.7272157506177 50.0
1743.0454421888458 50.0
1744.477461160872 50.0
1744.477461160872 50.0
1743.0454421888458 50.0
1744.1592347226438 50.0
1742.249876093276 50.0
1742.8863289697315 50.0
1743.8410082844157 50.0
1743.6818950653017 50.0
1743.3636686270736 50.0
1745.432140475557 50.0
1745.7503669137852 50.0
1745.9094801328995 50.0
1745.9094801328995 50.0
1746.386819790242 50.0
1744.318347941758 50.0
1745.2730272564427 50.0
1744.0001215035297 50.0
1744.0001215035297 50.0
1745.1139140373286 50.0
1744.318347941758 50.0
1743.6818950653017 50.0
1743.2045554079596 50.0
1741.7725364359342 50.0
1740.1814042447959 50.0
1740.4996306830235 50.0
1740.022291025682 50.0
1737.476479519863 50.0
1736.5218002051813 50.0
1736.6809134242949 50.0
1736.999139862522 50.0
1736.3626869860677 50.0
1736.999139862522 50.0
1737.476479519863 50.0
1737.1582530816356 50.0
1738.4311588345447 50.0
1737.6355927389764 50.0
1736.6809134242949 50.0
1736.6809134242949 50.0
1735.5671208905 50.0
1735.7262341096136 50.0
1735.7262341096136 50.0
1736.0444605478406 50.0
1736.8400266434085 50.0
1738.9084984918857 50.0
1740.1814042447959 50.0
1741.4543099977063 50.0
1741.1360835594787 50.0
1741.6134232168204 50.0
1741.4543099977063 50.0
1741.9316496550482 50.0
1742.4089893123898 50.0
1744.0001215035297 50.0
1742.8863289697315 50.0
1741.9316496550482 50.0
1741.9316496550482 50.0
1741.2951967785925 50.0
1741.2951967785925 50.0
1740.6587439021373 50.0
1739.7040645874545 50.0
1740.022291025682 50.0
1740.3405174639097 50.0
1739.385838149227 50.0
1739.5449513683407 50.0
1739.7040645874545 50.0
1739.5449513683407 50.0
1740.022291025682 50.0
1740.817857121251 50.0
1741.1360835594787 50.0
1740.1814042447959 50.0
1739.385838149227 50.0
1740.6587439021373 50.0
1742.4089893123898 50.0
1742.249876093276 50.0
1741.9316496550482 50.0
1740.6587439021373 50.0
1741.2951967785925 50.0
1740.817857121251 50.0
1740.4996306830235 50.0
1739.7040645874545 50.0
1740.4996306830235 50.0
1740.3405174639097 50.0
1741.6134232168204 50.0
1741.4543099977063 50.0
1740.4996306830235 50.0
1740.6587439021373 50.0
1741.6134232168204 50.0
1743.3636686270736 50.0
1745.1139140373286 50.0
1745.1139140373286 50.0
1744.0001215035297 50.0
1743.6818950653017 50.0
1743.8410082844157 50.0
1743.0454421888458 50.0
1743.2045554079596 50.0
1742.249876093276 50.0
1742.4089893123898 50.0
1742.8863289697315 50.0
1742.4089893123898 50.0
1742.090762874162 50.0
1742.7272157506177 50.0
1742.4089893123898 50.0
1742.8863289697315 50.0
1743.2045554079596 50.0
1743.3636686270736 50.0
1743.0454421888458 50.0
1742.090762874162 50.0
1742.090762874162 50.0
1741.7725364359342 50.0
1741.7725364359342 50.0
1742.090762874162 50.0
1742.249876093276 50.0
1743.2045554079596 50.0
1744.477461160872 50.0
1743.6818950653017 50.0
1742.4885459219468 50.0
1743.9205648939728 50.0
1743.6023384557445 50.0
1744.238791332201 50.0
1744.557017770429 50.0
1745.1139140373286 50.0
1745.2730272564427 50.0
1746.386819790242 50.0
1747.1028292762562 50.0
1745.670810304228 50.0
1747.580168933599 50.0
1747.8983953718277 50.0
1746.8641594475848 50.0
1745.9890367424566 50.0
1745.9890367424566 50.0
1744.636574379986 50.0
1746.0685933520137 50.0
1745.9890367424566 50.0
1746.0685933520137 50.0
1746.0685933520137 50.0
1746.386819790242 50.0
1746.7846028380277 50.0
1746.7846028380277 50.0
1746.227706571128 50.0
1745.432140475557 50.0
1744.8752442086575 50.0
1744.7161309895432 50.0
1744.8752442086575 50.0
1745.9890367424566 50.0
1744.397904551315 50.0
1743.9205648939728 50.0
1743.9205648939728 50.0
1744.8752442086575 50.0
1744.238791332201 50.0
1743.1249987984027 50.0
1741.5338666072635 50.0
1741.3747533881497 50.0
1742.011206264605 50.0
1740.897413730808 50.0
1740.897413730808 50.0
1742.6476591410608 50.0
1742.011206264605 50.0
1742.1703194837191 50.0
1741.5338666072635 50.0
1742.011206264605 50.0
1742.1703194837191 50.0
1743.2841120175167 50.0
1743.1249987984027 50.0
1743.2841120175167 50.0
1742.6476591410608 50.0
1741.8520930454913 50.0
1741.5338666072635 50.0
1741.5338666072635 50.0
1741.6929798263773 50.0
1742.011206264605 50.0
1741.8520930454913 50.0
1741.2156401690356 50.0
1742.011206264605 50.0
1742.8067723601748 50.0
1743.4432252366305 50.0
1743.1249987984027 50.0
1742.8067723601748 50.0
1741.5338666072635 50.0
1743.1249987984027 50.0
1742.6476591410608 50.0
1743.4432252366305 50.0
1743.1249987984027 50.0
1743.4432252366305 50.0
1743.1249987984027 50.0
1744.0796781130869 50.0
1744.557017770429 50.0
1744.477461160872 50.0
1743.3636686270736 50.0
1743.3636686270736 50.0
1743.0454421888458 50.0
1743.0454421888458 50.0
1741.5338666072635 50.0
1741.3747533881497 50.0
1740.7383005116942 50.0
1740.7383005116942 50.0
1740.4996306830235 50.0
1740.976970340365 50.0
1740.4996306830235 50.0
1739.0676117109995 50.0
1739.385838149227 50.0
1739.0676117109995 50.0
1740.976970340365 50.0
1739.385838149227 50.0
1739.0676117109995 50.0
1739.5449513683407 50.0
1740.022291025682 50.0
1739.8631778065683 50.0
1741.1360835594787 50.0
1742.090762874162 50.0
1741.7725364359342 50.0
1742.4089893123898 50.0
1741.7725364359342 50.0
1741.9316496550482 50.0
1742.8863289697315 50.0
1741.9316496550482 50.0
1741.1360835594787 50.0
1740.3405174639097 50.0
1739.7040645874545 50.0
1739.385838149227 50.0
1738.749385272772 50.0
1738.1129323963175 50.0
1737.7947059580902 50.0
1737.9538191772037 50.0
1737.3173663007492 50.0
1736.8400266434085 50.0
1737.3173663007492 50.0
1737.396922910306 50.0
1735.964903938284 50.0
1738.9880551014428 50.0
1740.2609608543528 50.0
1740.4200740734666 50.0
1740.6587439021373 50.0
1742.249876093276 50.0
1742.1703194837191 50.0
1742.8067723601748 50.0
1742.9658855792886 50.0
1742.9658855792886 50.0
1742.011206264605 50.0
1742.1703194837191 50.0
1742.1703194837191 50.0
1742.4885459219468 50.0
1743.6023384557445 50.0
1742.9658855792886 50.0
1742.6476591410608 50.0
1743.1249987984027 50.0
1743.4432252366305 50.0
1743.2841120175167 50.0
1742.8067723601748 50.0
1742.011206264605 50.0
1741.3747533881497 50.0
1741.5338666072635 50.0
1742.011206264605 50.0
1741.6929798263773 50.0
1741.6929798263773 50.0
1740.7383005116942 50.0
1740.2609608543528 50.0
1739.7040645874545 50.0
1739.6245079778976 50.0
1739.9427344161252 50.0
1740.101847635239 50.0
1740.3405174639097 50.0
1741.6134232168204 50.0
1740.976970340365 50.0
1742.090762874162 50.0
1741.0565269499218 50.0
1740.4996306830235 50.0
1739.0676117109995 50.0
1740.022291025682 50.0
1738.3516022249878 50.0
1738.1129323963175 50.0
1738.2720456154311 50.0
1738.4311588345447 50.0
1737.9538191772037 50.0
1738.2720456154311 50.0
1738.1129323963175 50.0
1737.6355927389764 50.0
1738.1129323963175 50.0
1736.999139862522 50.0
1736.999139862522 50.0
1737.9538191772037 50.0
1738.749385272772 50.0
1739.0676117109995 50.0
1738.1924890058742 50.0
1738.1924890058742 50.0
1738.1924890058742 50.0
1738.0333757867604 50.0
1737.396922910306 50.0
1737.0786964720787 50.0
1737.0786964720787 50.0
1736.4422435956244 50.0
1737.0786964720787 50.0
1736.9195832529651 50.0
1736.1240171573972 50.0
1736.4422435956244 50.0
1737.874262567647 50.0
1738.0333757867604 50.0
1737.7151493485333 50.0
1737.5560361294197 50.0
1737.396922910306 50.0
1737.874262567647 50.0
1738.5107154441016 50.0
1738.5107154441016 50.0
1739.3062815396702 50.0
1739.9427344161252 50.0
1740.101847635239 50.0
1740.6587439021373 50.0
1740.1814042447959 50.0
1741.1360835594787 50.0
1741.1360835594787 50.0
1740.976970340365 50.0
1740.817857121251 50.0
1740.6587439021373 50.0
1740.6587439021373 50.0
1740.6587439021373 50.0
1740.6587439021373 50.0
1740.1814042447959 50.0
1741.5338666072635 50.0
1741.2156401690356 50.0
1741.0565269499218 50.0
1741.2156401690356 50.0
1741.1360835594787 50.0
1740.4996306830235 50.0
1740.1814042447959 50.0
1740.3405174639097 50.0
1741.1360835594787 50.0
1740.897413730808 50.0
1740.7383005116942 50.0
1741.1360835594787 50.0
1741.2156401690356 50.0
1741.2156401690356 50.0
1740.7383005116942 50.0
1739.7040645874545 50.0
1739.0676117109995 50.0
1738.828941882329 50.0
1739.2267249301133 50.0
1739.385838149227 50.0
1739.3062815396702 50.0
1739.465394758784 50.0
1739.2267249301133 50.0
1738.5107154441016 50.0
1737.6355927389764 50.0
1736.6809134242949 50.0
1736.7604700338516 50.0
1736.1240171573972 50.0
1736.2035737669542 50.0
1735.7262341096136 50.0
1735.964903938284 50.0
1737.1582530816356 50.0
1737.396922910306 50.0
1736.4422435956244 50.0
1736.4422435956244 50.0
1735.2488944522731 50.0
1735.7262341096136 50.0
1735.4080076713865 50.0
1735.2488944522731 50.0
1735.5671208905 50.0
1735.8057907191703 50.0
1736.7604700338516 50.0
1737.1582530816356 50.0
1737.1582530816356 50.0
1737.5560361294197 50.0
1736.8400266434085 50.0
1736.8400266434085 50.0
1737.0786964720787 50.0
1737.2378096911925 50.0
1736.5218002051813 50.0
1736.9195832529651 50.0
1737.3173663007492 50.0
1737.2378096911925 50.0
1737.5560361294197 50.0
1737.476479519863 50.0
1737.1582530816356 50.0
1737.874262567647 50.0
1738.2720456154311 50.0
1738.5902720536585 50.0
1739.1471683205564 50.0
1738.3516022249878 50.0
1738.4311588345447 50.0
1738.2720456154311 50.0
1738.5107154441016 50.0
1737.9538191772037 50.0
1738.4311588345447 50.0
1738.5902720536585 50.0
1737.874262567647 50.0
1736.999139862522 50.0
1736.4422435956244 50.0
1736.3626869860677 50.0
1736.9195832529651 50.0
1735.885347328727 50.0
1736.0444605478406 50.0
1736.0444605478406 50.0
1735.885347328727 50.0
1734.8511114044893 50.0
1735.4875642809434 50.0
1735.1693378427162 50.0
1734.9306680140462 50.0
1734.612441575819 50.0
1733.9759886993654 50.0
1734.7715547949326 50.0
1734.9306680140462 50.0
1735.2488944522731 50.0
1734.7715547949326 50.0
1734.7715547949326 50.0
1735.4080076713865 50.0
1734.8511114044893 50.0
1734.691998185376 50.0
1734.691998185376 50.0
1734.2146585280357 50.0
1734.691998185376 50.0
1734.0555453089223 50.0
1733.4986490420251 50.0
1732.6235263369017 50.0
1732.4644131177886 50.0
1732.0666300700052 50.0
1731.9075168508919 50.0
1732.3052998986752 50.0
1732.384856508232 50.0
1731.3506205839956 50.0
1729.83904500242 50.0
1728.5661392495151 50.0
1728.407026030402 50.0
1727.7705731539497 50.0
1727.5319033252802 50.0
1727.4523467157235 50.0
1726.1794409628199 50.0
1726.7363372297152 50.0
1726.3385541819327 50.0
1725.702101305481 50.0
1725.702101305481 50.0
1725.2247616481422 50.0
1723.71318606657 50.0
1723.2358464092317 50.0
1723.4745162379008 50.0
1722.9176199710062 50.0
1723.076733190119 50.0
1722.9176199710062 50.0
1722.5993935327806 50.0
1722.440280313668 50.0
1722.1220538754426 50.0
1721.326487779879 50.0
1721.4856009989917 50.0
1721.803827437217 50.0
1721.326487779879 50.0
1722.5993935327806 50.0
1721.6447142181046 50.0
1720.6900349034283 50.0
1721.0082613416537 50.0
1720.849148122541 50.0
1720.6900349034283 50.0
1719.7353555887528 50.0
1720.0535820269781 50.0
1719.8149121983092 50.0
1719.1784593218588 50.0
1717.9055535689588 50.0
1717.2691006925088 50.0
1717.2691006925088 50.0
1716.3939779873906 50.0
1717.2691006925088 50.0
1717.0304308638404 50.0
1717.1895440829528 50.0
1717.1099874733964 50.0
1715.757525110941 50.0
1715.2801854536042 50.0
1714.6437325771549 50.0
1713.9277230911496 50.0
1713.7686098720374 50.0
1714.4050627484864 50.0
1713.7686098720374 50.0
1713.1321569955885 50.0
1713.1321569955885 50.0
1712.0979210713592 50.0
1712.7343739478079 50.0
1711.6205814140228 50.0
1711.700138023579 50.0
1711.2227983662426 50.0
1710.9045719280184 50.0
1709.790779394234 50.0
1709.87033600379 50.0
1709.5521095655658 50.0
1709.87033600379 50.0
1709.790779394234 50.0
1709.87033600379 50.0
1708.5178736413382 50.0
1708.5178736413382 50.0
1707.9609773744462 50.0
1707.9609773744462 50.0
1707.4040811075545 50.0
1707.4040811075545 50.0
1707.9609773744462 50.0
1708.0405339840022 50.0
1707.5631943266665 50.0
1707.5631943266665 50.0
1706.4494017928832 50.0
1706.0516187451037 50.0
1706.0516187451037 50.0
1705.892505525992 50.0
1705.812948916436 50.0
1705.9720621355477 50.0
1705.6538356973242 50.0
1706.0516187451037 50.0
1706.6085150119952 50.0
1705.892505525992 50.0
1706.9267414502187 50.0
1707.0858546693307 50.0
1705.892505525992 50.0
1705.5742790877682 50.0
1705.4947224782122 50.0
1705.812948916436 50.0
1706.0516187451037 50.0
1705.812948916436 50.0
1706.2902885737715 50.0
1706.2107319642155 50.0
1705.4947224782122 50.0
1705.9720621355477 50.0
1704.7787129922094 50.0
1704.6991563826534 50.0
1704.4604865539857 50.0
1703.9831468966506 50.0
1703.187580801092 50.0
1703.0284675819805 50.0
1703.664920458427 50.0
1704.0627035062064 50.0
1703.5058072393156 50.0
1702.8693543628688 50.0
1703.1080241915363 50.0
1702.789797753313 50.0
1702.9489109724245 50.0
1703.9035902870946 50.0
1703.744477067983 50.0
1704.3013733348741 50.0
1703.8240336775389 50.0
1704.2218167253181 50.0
1704.3013733348741 50.0
1704.3013733348741 50.0
1703.9831468966506 50.0
1703.8240336775389 50.0
1703.4262506297596 50.0
1703.0284675819805 50.0
1702.5511279246455 50.0
1702.4715713150897 50.0
1701.3577787813083 50.0
1700.9599957335295 50.0
1700.9599957335295 50.0
1700.0848730284158 50.0
1700.0848730284158 50.0
1700.5622126857506 50.0
1700.5622126857506 50.0
1699.8462031997487 50.0
1699.44842015197 50.0
1699.44842015197 50.0
1699.2893069328586 50.0
1699.8462031997487 50.0
1699.8462031997487 50.0
1699.6870899806372 50.0
1700.0848730284158 50.0
1700.2439862475276 50.0
1700.8804391239737 50.0
1700.403099466639 50.0
1701.0395523430852 50.0
1702.1533448768664 50.0
1702.312458095978 50.0
1701.2782221717525 50.0
1701.3577787813083 50.0
1702.6306845342012 50.0
1702.312458095978 50.0
1702.1533448768664 50.0
1703.9035902870946 50.0
1704.38092994443 50.0
1703.8240336775389 50.0
1703.9831468966506 50.0
1703.9035902870946 50.0
1703.5853638488713 50.0
1703.9035902870946 50.0
1702.789797753313 50.0
1703.9035902870946 50.0
1703.0284675819805 50.0
1703.5853638488713 50.0
1704.0627035062064 50.0
1704.2218167253181 50.0
1704.38092994443 50.0
1703.9035902870946 50.0
1703.187580801092 50.0
1702.312458095978 50.0
1701.8351184386431 50.0
1702.4715713150897 50.0
1703.1080241915363 50.0
1703.4262506297596 50.0
1703.5853638488713 50.0
1704.2218167253181 50.0
1705.3356092591005 50.0
1705.3356092591005 50.0
1705.812948916436 50.0
1705.6538356973242 50.0
1705.812948916436 50.0
1706.0516187451037 50.0
1707.006298059775 50.0
1707.4040811075545 50.0
1706.6085150119952 50.0
1706.5289584024392 50.0
1706.688071621551 50.0
1707.0858546693307 50.0
1707.6427509362225 50.0
1708.2792038126702 50.0
1708.0405339840022 50.0
1708.3587604222262 50.0
1709.711222784678 50.0
1709.4725529560098 50.0
1709.0747699082299 50.0
1709.87033600379 50.0
1709.631666175122 50.0
1708.995213298674 50.0
1709.154326517786 50.0
1709.631666175122 50.0
1709.87033600379 50.0
1709.3134397368979 50.0
1709.3134397368979 50.0
1709.949892613346 50.0
1710.347675661126 50.0
1711.1432417566866 50.0
1710.6659020993502 50.0
1711.6205814140228 50.0
1711.700138023579 50.0
1711.700138023579 50.0
1712.3365909000277 50.0
1713.7686098720374 50.0
1712.9730437764763 50.0
1713.450383433813 50.0
1714.2459495293742 50.0
1714.0868363102618 50.0
1714.723289186711 50.0
1715.8370817204973 50.0
1717.7464403498464 50.0
1717.1895440829528 50.0
1716.6326478160593 50.0
1717.1099874733964 50.0
1717.9055535689588 50.0
1718.4624498358526 50.0
1719.0193461027463 50.0
1719.496685760084 50.0
1721.0878179512101 50.0
1720.7695915129848 50.0
1720.2922518556468 50.0
1720.3718084652032 50.0
1721.1673745607663 50.0
1721.5651576085481 50.0
1722.2016104849988 50.0
1722.5198369232244 50.0
1722.5198369232244 50.0
1723.1562897996753 50.0
1723.5540728474575 50.0
1723.3154030187882 50.0
1725.0656484290294 50.0
1724.5087521621342 50.0
1724.270082333465 50.0
1723.9518558952393 50.0
1724.5883087716907 50.0
1724.5883087716907 50.0
1724.5883087716907 50.0
1724.270082333465 50.0
1724.5883087716907 50.0
1725.542988086368 50.0
1726.1794409628199 50.0
1726.4976674010456 50.0
1726.4181107914892 50.0
1726.0998843532634 50.0
1725.9407711341503 50.0
1726.4181107914892 50.0
1726.8954504488281 50.0
1726.8954504488281 50.0
1727.6910165443933 50.0
1727.8501297635062 50.0
1727.5319033252802 50.0
1728.8048090781847 50.0
1729.679931783307 50.0
1729.998158221533 50.0
1729.998158221533 50.0
1730.4754978788728 50.0
1731.1119507553256 50.0
1731.1119507553256 50.0
1731.9075168508919 50.0
1732.8621961655717 50.0
1733.021309384685 50.0
1733.1804226037984 50.0
1733.4986490420251 50.0
1733.816875480252 50.0
1733.6577622611387 50.0
1734.2942151375923 50.0
1734.135101918479 50.0
1734.4533283567057 50.0
1734.612441575819 50.0
1734.7715547949326 50.0
1734.691998185376 50.0
1734.2146585280357 50.0
1735.1693378427162 50.0
1735.4875642809434 50.0
1736.601356814738 50.0
1737.874262567647 50.0
1737.874262567647 50.0
1737.7151493485333 50.0
1737.7151493485333 50.0
1738.3516022249878 50.0
1737.396922910306 50.0
1738.1924890058742 50.0
1738.1129323963175 50.0
1738.9084984918857 50.0
1739.2267249301133 50.0
1740.3405174639097 50.0
1739.7040645874545 50.0
1740.1814042447959 50.0
1741.1360835594787 50.0
1741.2951967785925 50.0
1742.090762874162 50.0
1741.9316496550482 50.0
1741.9316496550482 50.0
1741.7725364359342 50.0
1741.7725364359342 50.0
1741.7725364359342 50.0
1742.7272157506177 50.0
1744.477461160872 50.0
1743.8410082844157 50.0
1744.0001215035297 50.0
1745.1139140373286 50.0
1744.636574379986 50.0
1745.1139140373286 50.0
1744.9548008182146 50.0
1745.7503669137852 50.0
1746.7050462284706 50.0
1746.5459330093563 50.0
1747.3414991049276 50.0
1747.500612324042 50.0
1748.2961784196136 50.0
1747.6597255431564 50.0
1748.1370652004991 50.0
1748.6144048578424 50.0
1748.9326312960711 50.0
1748.9326312960711 50.0
1749.5690841725288 50.0
1750.2055370489866 50.0
1749.7281973916433 50.0
1750.046423829872 50.0
1751.3193295827882 50.0
1751.1602163636737 50.0
1751.796669240132 50.0
1751.1602163636737 50.0
1752.2740088974756 50.0
1752.7513485548195 50.0
1753.2286882121634 50.0
1752.7513485548195 50.0
1753.3878014312781 50.0
1754.5015939650812 50.0
1754.5015939650812 50.0
1754.024254307737 50.0
1754.5015939650812 50.0
1755.1380468415402 50.0
1755.1380468415402 50.0
1754.9789336224255 50.0
1755.1380468415402 50.0
1755.2971600606552 50.0
1756.2518393753442 50.0
1756.7291790326888 50.0
1756.7291790326888 50.0
1756.8882922518037 50.0
1756.8882922518037 50.0
1757.445188518706 50.0
1758.2407546142808 50.0
1758.718094271626 50.0
1758.718094271626 50.0
1758.877207490741 50.0
1758.2407546142808 50.0
1758.718094271626 50.0
1757.922528176051 50.0
1759.5136603672013 50.0
1759.5136603672013 50.0
1759.6727735863165 50.0
1759.8318868054314 50.0
1760.4683396818918 50.0
1761.263905777468 50.0
1761.263905777468 50.0
1761.5821322156983 50.0
1761.7412454348134 50.0
1761.5821322156983 50.0
1762.059471873044 50.0
1762.5368115303897 50.0
1762.6959247495051 50.0
1762.2185850921592 50.0
1762.2185850921592 50.0
1762.059471873044 50.0
1762.6959247495051 50.0
1763.173264406851 50.0
1763.9688305024279 50.0
1764.764396598005 50.0
1765.5599626935823 50.0
1765.8781891318133 50.0
1766.0373023509287 50.0
1765.719075912698 50.0
1766.1964155700443 50.0
1766.1964155700443 50.0
1766.5146420082754 50.0
1766.35552878916 50.0
1766.673755227391 50.0
1766.7533118369488 50.0
1766.9124250560644 50.0
1767.469321322969 50.0
1767.469321322969 50.0
1767.469321322969 50.0
1767.7875477612001 50.0
1767.7875477612001 50.0
1768.2648874185472 50.0
1768.424000637663 50.0
1768.424000637663 50.0
1768.5831138567787 50.0
1769.1400101236839 50.0
1769.1400101236839 50.0
1769.7764630001468 50.0
1770.5720290957258 50.0
1770.4924724861678 50.0
1770.9698121435154 50.0
1771.4471518008631 50.0
1771.4471518008631 50.0
1771.4471518008631 50.0
1772.0836046773268 50.0
1771.7653782390948 50.0
1771.6062650199792 50.0
1772.0836046773268 50.0
1771.7653782390948 50.0
1771.7653782390948 50.0
1772.5609443346748 50.0
1772.5609443346748 50.0
1772.7200575537906 50.0
1772.4018311155587 50.0
1772.4018311155587 50.0
1773.1973972111387 50.0
1772.4018311155587 50.0
1772.8791707729067 50.0
1772.4018311155587 50.0
1772.5609443346748 50.0
1773.0382839920226 50.0
1773.1973972111387 50.0
1773.1973972111387 50.0
1773.833850087603 50.0
1773.833850087603 50.0
1773.5156236493708 50.0
1773.833850087603 50.0
1773.674736868487 50.0
1773.833850087603 50.0
1774.3111897449512 50.0
1774.3111897449512 50.0
1773.992963306719 50.0
1774.3111897449512 50.0
1774.6294161831834 50.0
1775.1067558405318 50.0
1775.5045388883223 50.0
1776.061435155229 50.0
1775.7432087169966 50.0
1776.3796615934616 50.0
1776.8570012508103 50.0
1776.5387748125777 50.0
1777.0161144699266 50.0
1777.0161144699266 50.0
1777.3343409081592 50.0
1777.9707937846244 50.0
1779.243699537556 50.0
1780.3574920713713 50.0
1779.8801524140217 50.0
1780.5961619000461 50.0
1781.073501557396 50.0
1780.9143883382792 50.0
1780.9143883382792 50.0
1780.7552751191627 50.0
1781.1530581669542 50.0
1781.3121713860708 50.0
1781.3121713860708 50.0
1781.630397824304 50.0
1782.1077374816539 50.0
1782.4259639198872 50.0
1782.585077139004 50.0
1782.585077139004 50.0
1782.9033035772375 50.0
1782.7441903581207 50.0
1783.062416796354 50.0
1782.585077139004 50.0
1783.062416796354 50.0
1783.062416796354 50.0
1782.585077139004 50.0
1782.1077374816539 50.0
1782.2668507007706 50.0
1781.869067652979 50.0
1781.5508412147456 50.0
1781.5508412147456 50.0
1781.2326147765125 50.0
1780.7552751191627 50.0
1780.5961619000461 50.0
1780.277935461813 50.0
1780.4370486809296 50.0
1780.4370486809296 50.0
1780.5961619000461 50.0
1780.4370486809296 50.0
1780.4370486809296 50.0
1779.95970902358 50.0
1779.4823693662306 50.0
1779.323256147114 50.0
1779.1641429279975 50.0
1779.5619259757887 50.0
1779.7210391949052 50.0
1779.5619259757887 50.0
