SSA
1543.994805082935 50.0
1531.1066343353036 50.0
1404.1342854881746 50.0
1315.0308827871422 50.0
1261.5688411654553 50.0
1233.2466881630512 50.0
1193.6274966029168 50.0
1166.1009096952228 50.0
1150.8260406595648 50.0
1133.6418129942917 50.0
1118.2078307392217 50.0
1110.7295094403205 50.0
1101.9782823883704 50.0
1097.363999033686 50.0
1091.317696706837 50.0
1087.0216397903769 50.0
1081.9300167782603 50.0
1078.1112995191615 50.0
1075.7246012322196 50.0
1073.9743558217929 50.0
1072.860563287884 50.0
1072.2241104113643 50.0
1070.9512046583238 50.0
1069.519185686152 50.0
1068.2462799331092 50.0
1068.2462799331092 50.0
1066.9733741800655 50.0
1066.9733741800655 50.0
1065.382241988759 50.0
1065.8595816461511 50.0
1064.5866758931052 50.0
1064.9049023313667 50.0
1064.1093362357126 50.0
1063.154656920927 50.0
1063.472883359189 50.0
1063.3137701400578 50.0
1062.6773172635337 50.0
1060.608845414829 50.0
1058.5403735661207 50.0
1057.5856942513315 50.0
1055.358109183487 50.0
1055.6763356217507 50.0
1054.8807695260912 50.0
1054.2443166495634 50.0
1053.4487505539032 50.0
1053.1305241156388 50.0
1052.9714108965068 50.0
1052.8122976773748 50.0
1052.9714108965068 50.0
1052.9714108965068 50.0
1052.4940712391103 50.0
1052.334958019978 50.0
1051.3802787051845 50.0
1052.334958019978 50.0
1051.3802787051845 50.0
1051.3802787051845 50.0
1050.7438258286552 50.0
1050.2664861712578 50.0
1050.2664861712578 50.0
1050.1073729521254 50.0
1050.1073729521254 50.0
1049.6300332947276 50.0
1049.15269363733 50.0
1049.3118068564627 50.0
1048.8344671990649 50.0
1048.8344671990649 50.0
1048.0389011034017 50.0
1046.9251085694718 50.0
1046.7659953503392 50.0
1046.2886556929404 50.0
1046.1295424738078 50.0
1045.4930895972757 50.0
1045.6522028164086 50.0
1045.9704292546746 50.0
1045.1748631590096 50.0
1045.1748631590096 50.0
1045.4930895972757 50.0
1045.0157499398765 50.0
1044.6975235016102 50.0
1043.583730967678 50.0
1043.583730967678 50.0
1043.583730967678 50.0
1042.7881648720117 50.0
1042.6290516528784 50.0
1042.1517119954783 50.0
1041.992598776345 50.0
1041.6743723380778 50.0
1041.1970326806775 50.0
1041.356145899811 50.0
1041.0379194615439 50.0
1040.8788062424105 50.0
1040.719693023277 50.0
1040.2423533658762 50.0
1040.4014665850098 50.0
1039.6059004893414 50.0
1039.6059004893414 50.0
1039.6059004893414 50.0
1038.9694476128066 50.0
1038.651221174539 50.0
1038.332994736271 50.0
1037.5374286406018 50.0
1037.5374286406018 50.0
1037.2192022023337 50.0
1037.5374286406018 50.0
1037.2192022023337 50.0
1036.5827493257977 50.0
1037.0600889831996 50.0
1036.7418625449316 50.0
1036.4236361066635 50.0
1036.2645228875294 50.0
1036.7418625449316 50.0
1036.7418625449316 50.0
1037.0600889831996 50.0
1036.9009757640656 50.0
1037.2192022023337 50.0
1036.9009757640656 50.0
1037.2192022023337 50.0
1037.3783154214675 50.0
1036.9009757640656 50.0
1037.0600889831996 50.0
1037.0600889831996 50.0
1037.0600889831996 50.0
1036.9009757640656 50.0
1037.2192022023337 50.0
1037.0600889831996 50.0
1037.0600889831996 50.0
1036.7418625449316 50.0
1036.7418625449316 50.0
1036.4236361066635 50.0
1035.9462964492611 50.0
1035.7871832301269 50.0
1035.6280700109928 50.0
1035.6280700109928 50.0
1035.6280700109928 50.0
1034.6733906961874 50.0
1034.6733906961874 50.0
1034.3551642579187 50.0
1034.0369378196501 50.0
1033.4004849431124 50.0
1033.4004849431124 50.0
1033.5595981622469 50.0
1033.5595981622469 50.0
1033.7187113813814 50.0
1033.0822585048434 50.0
1033.2413717239779 50.0
1032.7640320665744 50.0
1032.7640320665744 50.0
1032.7640320665744 50.0
1032.1275791900364 50.0
1031.6502395326322 50.0
1031.6502395326322 50.0
1031.1728998752283 50.0
1031.4911263134977 50.0
1031.4911263134977 50.0
1031.0137866560935 50.0
1030.2182205604195 50.0
1030.2182205604195 50.0
1029.5817676838801 50.0
1029.4226544647452 50.0
1030.0591073412847 50.0
1030.2182205604195 50.0
1030.0591073412847 50.0
1029.89999412215 50.0
1029.4226544647452 50.0
1028.9453148073403 50.0
1028.9453148073403 50.0
1028.7862015882054 50.0
1028.4679751499355 50.0
1028.4679751499355 50.0
1028.149748711665 50.0
1028.149748711665 50.0
1028.3088619308005 50.0
1028.149748711665 50.0
1027.9906354925301 50.0
1027.831522273395 50.0
1027.6724090542598 50.0
1027.6724090542598 50.0
1027.831522273395 50.0
1027.5132958351246 50.0
1027.1950693968543 50.0
1027.3541826159897 50.0
1027.1950693968543 50.0
1027.035956177719 50.0
1027.3541826159897 50.0
1027.3541826159897 50.0
1027.035956177719 50.0
1026.876842958584 50.0
1026.876842958584 50.0
1026.399503301178 50.0
1026.399503301178 50.0
1026.399503301178 50.0
1026.2403900820427 50.0
1026.2403900820427 50.0
1026.0812768629073 50.0
1026.0812768629073 50.0
1026.2403900820427 50.0
1025.9221636437721 50.0
1025.9221636437721 50.0
1025.9221636437721 50.0
1025.9221636437721 50.0
1025.7630504246367 50.0
1025.6039372055013 50.0
1025.6039372055013 50.0
1025.444823986366 50.0
1025.444823986366 50.0
1025.6039372055013 50.0
1025.6039372055013 50.0
1025.7630504246367 50.0
1026.7177297394487 50.0
1026.5586165203135 50.0
1026.7177297394487 50.0
1026.399503301178 50.0
1026.399503301178 50.0
1026.2403900820427 50.0
1026.2403900820427 50.0
1026.5586165203135 50.0
1026.399503301178 50.0
1026.5586165203135 50.0
1026.5586165203135 50.0
1026.399503301178 50.0
1026.399503301178 50.0
1026.0812768629073 50.0
1025.7630504246367 50.0
1025.444823986366 50.0
1025.444823986366 50.0
1025.6039372055013 50.0
1025.6039372055013 50.0
1025.7630504246367 50.0
1025.7630504246367 50.0
1026.0812768629073 50.0
1026.2403900820427 50.0
1026.2403900820427 50.0
1025.9221636437721 50.0
1025.9221636437721 50.0
1025.9221636437721 50.0
1025.7630504246367 50.0
1025.6039372055013 50.0
1025.444823986366 50.0
1025.2857107672305 50.0
1025.126597548095 50.0
1025.126597548095 50.0
1025.2857107672305 50.0
1025.444823986366 50.0
1025.444823986366 50.0
1025.444823986366 50.0
1025.444823986366 50.0
1025.444823986366 50.0
1025.9221636437721 50.0
1025.9221636437721 50.0
1025.9221636437721 50.0
1025.7630504246367 50.0
1025.6039372055013 50.0
1025.6039372055013 50.0
1025.9221636437721 50.0
1025.9221636437721 50.0
1025.9221636437721 50.0
1026.2403900820427 50.0
1026.399503301178 50.0
1026.5586165203135 50.0
1026.0812768629073 50.0
1026.0812768629073 50.0
1026.2403900820427 50.0
1026.399503301178 50.0
1026.5586165203135 50.0
1026.5586165203135 50.0
1026.5586165203135 50.0
1026.876842958584 50.0
1026.876842958584 50.0
1026.7177297394487 50.0
1026.7177297394487 50.0
1026.7177297394487 50.0
1026.876842958584 50.0
1026.876842958584 50.0
1027.1950693968543 50.0
1027.035956177719 50.0
1027.035956177719 50.0
1027.3541826159897 50.0
1027.5132958351246 50.0
1027.5132958351246 50.0
1027.3541826159897 50.0
1027.6724090542598 50.0
1027.831522273395 50.0
1027.6724090542598 50.0
1027.5132958351246 50.0
1027.9906354925301 50.0
1027.831522273395 50.0
1028.149748711665 50.0
1028.6270883690704 50.0
1028.7862015882054 50.0
1028.7862015882054 50.0
1028.9453148073403 50.0
1028.7862015882054 50.0
1028.7862015882054 50.0
1029.1044280264755 50.0
1029.5817676838801 50.0
1029.7408809030148 50.0
1030.3773337795546 50.0
1030.5364469986891 50.0
1030.695560217824 50.0
1031.0137866560935 50.0
1031.1728998752283 50.0
1031.332013094363 50.0
1031.6502395326322 50.0
1031.9684659709017 50.0
1032.2866924091707 50.0
1032.6049188474399 50.0
1032.923145285709 50.0
1033.7187113813814 50.0
1034.1960510387844 50.0
1034.6733906961874 50.0
1034.832503915322 50.0
1035.1507303535902 50.0
1035.6280700109928 50.0
1036.1054096683954 50.0
1036.4236361066635 50.0
1037.3783154214675 50.0
1038.1738815171373 50.0
1038.8103343936727 50.0
1039.287674051074 50.0
1039.7650137084752 50.0
1040.0832401467424 50.0
1040.2423533658762 50.0
1040.4014665850098 50.0
1040.719693023277 50.0
1040.5605798041433 50.0
1041.1970326806775 50.0
1041.356145899811 50.0
1041.1970326806775 50.0
1041.992598776345 50.0
1043.4246177485447 50.0
1043.9019574059446 50.0
1044.5384102824771 50.0
1045.3339763781428 50.0
1046.4477689120733 50.0
1047.4024482268703 50.0
1047.8797878842688 50.0
1048.3571275416668 50.0
1048.8344671990649 50.0
1049.78914651386 50.0
1051.0620522669199 50.0
1052.4940712391103 50.0
1053.1305241156388 50.0
1053.7669769921672 50.0
1054.8807695260912 50.0
1056.6310149365413 50.0
1057.9039206895945 50.0
1058.5403735661207 50.0
1059.4950528809095 50.0
1060.131505757435 50.0
1061.4044115104848 50.0
1062.1999776061407 50.0
1062.995543701796 50.0
1063.6319965783198 50.0
1064.1093362357126 50.0
1065.382241988759 50.0
1066.4960345226737 50.0
1067.768940275718 50.0
1069.3600724670218 50.0
1070.155638562673 50.0
1071.110317877454 50.0
1071.9058839731042 50.0
1072.7014500687542 50.0
1074.1334690409226 50.0
1075.883714451349 50.0
1076.838393766126 50.0
1078.42952595742 50.0
1079.2250920530662 50.0
1080.3388845869704 50.0
1081.4526771208734 50.0
1082.4073564356472 50.0
1083.0438093121625 50.0
1083.521148969549 50.0
1084.794054722578 50.0
1086.862526571249 50.0
1087.976319105147 50.0
1088.9309984199162 50.0
1090.0447909538134 50.0
1090.6812438303252 50.0
1090.8403570494531 50.0
1092.431489240732 50.0
1094.0226214320094 50.0
1095.2955271850296 50.0
1096.2502064997948 50.0
1097.0457725954313 50.0
1098.6369047867038 50.0
1099.4324708823392 50.0
1100.3871501971014 50.0
1101.3418295118631 50.0
1102.4556220457507 50.0
1103.7285277987644 50.0
1104.3649806752708 50.0
1105.7969996474094 50.0
1106.2743393047886 50.0
1107.06990540042 50.0
1107.3881318386727 50.0
1108.1836979343038 50.0
1109.6157169064388 50.0
1110.5703962211946 50.0
1111.8433019742017 50.0
1112.320641631579 50.0
1113.2753209463335 50.0
1113.5935473845848 50.0
1114.3891134802127 50.0
1115.3437927949658 50.0
1116.139358890593 50.0
1117.094038205345 50.0
1118.2078307392217 50.0
1119.3216232730974 50.0
1120.2763025878478 50.0
1121.3900951217222 50.0
1121.549208340847 50.0
1122.1856612173465 50.0
1123.2994537512195 50.0
1124.731472723341 50.0
1126.004378476337 50.0
1126.48171813371 50.0
1126.9590577910833 50.0
1127.7546238867046 50.0
1129.1866428588223 50.0
1129.9822089544427 50.0
1131.2551147074346 50.0
1132.0506808030539 50.0
1133.005360117797 50.0
1134.2782658707865 50.0
1135.7102848428985 50.0
1136.5058509385158 50.0
1137.6196434723795 50.0
1138.8925492253657 50.0
1139.5290021018582 50.0
1139.8472285401047 50.0
1140.6427946357198 50.0
1141.438360731335 50.0
1142.8703797034411 50.0
1143.5068325799325 50.0
1144.302398675546 50.0
1145.8935308667724 50.0
1146.689096962385 50.0
1147.6437762771197 50.0
1148.280229153609 50.0
1148.9166820300984 50.0
1150.0304745639542 50.0
1151.303380316931 50.0
1152.5762860699072 50.0
1153.212738946395 50.0
1154.4856446993697 50.0
1155.2812107949785 50.0
1155.5994372332218 50.0
1156.5541165479517 50.0
1157.508795862681 50.0
1158.3043619582886 50.0
1159.0999280538956 50.0
1160.372833806866 50.0
1161.009286683351 50.0
1161.963965998078 50.0
1161.963965998078 50.0
1162.4413056554415 50.0
1162.9186453128045 50.0
1163.7142114084095 50.0
1164.5097775040142 50.0
1165.7826832569813 50.0
1167.532928667309 50.0
1168.4876079820326 50.0
1169.6014005158763 50.0
1171.0334194879601 50.0
1172.9427781174031 50.0
1174.6930235277246 50.0
1175.6477028424445 50.0
1176.6023821571641 50.0
1178.5117407866016 50.0
1179.1481936630803 50.0
1180.4210994160374 50.0
1182.3304580454715 50.0
1184.2398166749033 50.0
1184.5580431131416 50.0
1184.5580431131416 50.0
1185.3536092087377 50.0
1186.3082885234523 50.0
1189.013213248475 50.0
1189.808779344069 50.0
1190.763458658782 50.0
1192.513704069087 50.0
1193.4683833837985 50.0
1194.2639494793907 50.0
1195.6959684514563 50.0
1196.9688742044025 50.0
1198.7191196147025 50.0
1200.9467046823547 50.0
1204.4471955029462 50.0
1205.0836483794167 50.0
1207.4703466661795 50.0
1209.3797052955879 50.0
1210.4934978294086 50.0
1212.8801961161655 50.0
1214.6304415264522 50.0
1217.176253032321 50.0
1219.5629513190704 50.0
1220.5176306337694 50.0
1223.0634421396317 50.0
1224.9728007690262 50.0
1226.5639329601872 50.0
1228.9506312469266 50.0
1230.8599898763161 50.0
1234.0422542586289 50.0
1235.3151600115527 50.0
1237.0654054218219 50.0
1238.338311174744 50.0
1240.088556585011 50.0
1242.3161416526216 50.0
1244.2255002820004 50.0
1245.4984060349188 50.0
1247.0895382260658 50.0
1249.31712329367 50.0
1250.7491422657001 50.0
1252.0220480186151 50.0
1254.0905198671005 50.0
1255.2043124008997 50.0
1256.4772181538124 50.0
1258.8639164405213 50.0
1261.0915015081143 50.0
1262.2052940419098 50.0
1263.7964262330458 50.0
1264.7511055477269 50.0
1266.6604641770882 50.0
1268.728936025561 50.0
1270.6382946549195 50.0
1272.5476532842765 50.0
1274.1387854754062 50.0
1275.0934647900835 50.0
1277.0028234194374 50.0
1277.9575027341139 50.0
1279.7077481443532 50.0
1280.9806538972537 50.0
1281.6171067737037 50.0
1282.8900125266036 50.0
1283.5264654030532 50.0
1284.1629182795027 50.0
1285.1175975941767 50.0
1285.7540504706258 50.0
1286.549616566187 50.0
1288.7772016337574 50.0
1289.73188094843 50.0
1291.4821263586618 50.0
1291.6412395777738 50.0
1292.7550321115573 50.0
1292.9141453306693 50.0
1294.5052775217878 50.0
1294.3461643026758 50.0
1295.3008436173466 50.0
1296.5737493702404 50.0
1296.732862589352 50.0
1297.5284286849103 50.0
1298.4831079995802 50.0
1299.596900533361 50.0
1299.4377873142494 50.0
1299.9151269715842 50.0
1300.55157984803 50.0
1301.9835988200332 50.0
1302.9382781347012 50.0
1303.7338442302582 50.0
1303.7338442302582 50.0
1303.7338442302582 50.0
1304.6885235449258 50.0
1305.9614292978158 50.0
1306.5978821742606 50.0
1307.234335050705 50.0
1306.2796557360382 50.0
1306.2796557360382 50.0
1306.5978821742606 50.0
1306.916108612483 50.0
1307.7116747080386 50.0
1307.5525614889275 50.0
1308.189014365372 50.0
1308.8254672418163 50.0
1308.6663540227053 50.0
1308.5072408035942 50.0
1308.189014365372 50.0
1307.3934482698164 50.0
1307.8707879271499 50.0
1308.029901146261 50.0
1308.5072408035942 50.0
1308.348127584483 50.0
1308.189014365372 50.0
1309.3028068991496 50.0
1308.9845804609274 50.0
1308.9845804609274 50.0
1308.8254672418163 50.0
1308.8254672418163 50.0
1309.3028068991496 50.0
1309.9392597755937 50.0
1310.5757126520375 50.0
1310.5757126520375 50.0
1310.5757126520375 50.0
1310.8939390902597 50.0
1311.0530523093705 50.0
1311.8486184049252 50.0
1312.325958062258 50.0
1312.325958062258 50.0
1312.4850712813688 50.0
1312.4850712813688 50.0
1312.166844843147 50.0
1312.9624109387014 50.0
1312.9624109387014 50.0
1312.6441845004797 50.0
1312.8032977195905 50.0
1312.325958062258 50.0
1312.4850712813688 50.0
1311.8486184049252 50.0
1311.5303919667033 50.0
1311.3712787475924 50.0
1310.7348258711486 50.0
1311.3712787475924 50.0
1311.3712787475924 50.0
1311.0530523093705 50.0
1311.8486184049252 50.0
1311.6895051858141 50.0
1311.6895051858141 50.0
1311.0530523093705 50.0
1311.2121655284814 50.0
1311.2121655284814 50.0
1310.8939390902597 50.0
1310.8939390902597 50.0
1311.0530523093705 50.0
1311.0530523093705 50.0
1310.7348258711486 50.0
1310.7348258711486 50.0
1310.8939390902597 50.0
1310.2574862138156 50.0
1309.7801465564826 50.0
1309.6210333373715 50.0
1309.3028068991496 50.0
1308.9845804609274 50.0
1308.9845804609274 50.0
1308.6663540227053 50.0
1308.348127584483 50.0
1307.7116747080386 50.0
1307.7116747080386 50.0
1306.916108612483 50.0
1306.1205425169271 50.0
1305.9614292978158 50.0
1305.6432028595934 50.0
1305.4840896404821 50.0
1305.1658632022595 50.0
1304.5294103258148 50.0
1304.2111838875921 50.0
1303.7338442302582 50.0
1302.9382781347012 50.0
1302.6200516964786 50.0
1302.3018252582558 50.0
1301.9835988200332 50.0
1301.9835988200332 50.0
1301.5062591626988 50.0
1300.55157984803 50.0
1300.7106930671414 50.0
1300.233353409807 50.0
1299.596900533361 50.0
1299.2786740951378 50.0
1299.1195608760263 50.0
1299.1195608760263 50.0
1298.8013344378032 50.0
1298.9604476569148 50.0
1299.4377873142494 50.0
1298.8013344378032 50.0
1298.8013344378032 50.0
1298.9604476569148 50.0
1298.3239947804684 50.0
1297.5284286849103 50.0
1297.0510890275755 50.0
1297.210202246687 50.0
1297.0510890275755 50.0
1297.3693154657988 50.0
1296.4146361511287 50.0
1296.5737493702404 50.0
1295.7781832746819 50.0
1295.61907005557 50.0
1295.4599568364583 50.0
1295.3008436173466 50.0
1294.982617179123 50.0
1294.187051083564 50.0
1294.187051083564 50.0
1294.0279378644523 50.0
1293.5505982071168 50.0
1293.232371768893 50.0
1292.7550321115573 50.0
1292.7550321115573 50.0
1292.1185792351098 50.0
1291.6412395777738 50.0
1291.4821263586618 50.0
1291.4821263586618 50.0
1290.845673482214 50.0
1291.004786701326 50.0
1290.6865602631021 50.0
1290.5274470439902 50.0
1290.368333824878 50.0
1290.5274470439902 50.0
1289.890994167542 50.0
1289.890994167542 50.0
1289.73188094843 50.0
1289.2545412910936 50.0
1289.4136545102058 50.0
1289.572767729318 50.0
1289.4136545102058 50.0
1289.2545412910936 50.0
1288.9363148528696 50.0
1288.7772016337574 50.0
1288.299861976421 50.0
1287.6634090999723 50.0
1287.6634090999723 50.0
1287.5042958808604 50.0
1287.3451826617481 50.0
1287.3451826617481 50.0
1287.0269562235237 50.0
1286.7087297852993 50.0
1286.7087297852993 50.0
1286.3905033470749 50.0
1286.2313901279626 50.0
1286.2313901279626 50.0
1286.0722769088504 50.0
1285.5949372515136 50.0
1285.5949372515136 50.0
1285.1175975941767 50.0
1285.1175975941767 50.0
1285.276710813289 50.0
1284.9584843750645 50.0
1284.9584843750645 50.0
1284.799371155952 50.0
1284.799371155952 50.0
1284.6402579368398 50.0
1284.4811447177274 50.0
1284.1629182795027 50.0
1284.1629182795027 50.0
1284.1629182795027 50.0
1283.6855786221654 50.0
1283.5264654030532 50.0
1283.2082389648283 50.0
1283.2082389648283 50.0
1283.0491257457159 50.0
1282.5717860883785 50.0
1282.412672869266 50.0
1282.0944464310412 50.0
1281.4579935545912 50.0
1281.2988803354788 50.0
1281.2988803354788 50.0
1281.2988803354788 50.0
1281.2988803354788 50.0
1281.2988803354788 50.0
1280.9806538972537 50.0
1280.503314239916 50.0
1280.503314239916 50.0
1280.3442010208034 50.0
1280.1850878016908 50.0
1280.1850878016908 50.0
1280.1850878016908 50.0
1280.0259745825783 50.0
1280.0259745825783 50.0
1279.8668613634657 50.0
1279.5486349252405 50.0
1279.2304084870152 50.0
1279.0712952679025 50.0
1279.0712952679025 50.0
1278.9121820487899 50.0
1278.7530688296772 50.0
1278.5939556105645 50.0
1278.2757291723392 50.0
1278.4348423914519 50.0
1278.2757291723392 50.0
1278.2757291723392 50.0
1278.1166159532265 50.0
1277.9575027341139 50.0
1277.7983895150012 50.0
1277.6392762958883 50.0
1277.4801630767756 50.0
1277.321049857663 50.0
1277.321049857663 50.0
1277.321049857663 50.0
1277.321049857663 50.0
1276.8437102003247 50.0
1276.8437102003247 50.0
1276.8437102003247 50.0
1276.8437102003247 50.0
1276.6845969812118 50.0
1276.2072573238734 50.0
1276.2072573238734 50.0
1276.3663705429863 50.0
1276.3663705429863 50.0
1276.0481441047607 50.0
1275.8890308856478 50.0
1276.0481441047607 50.0
1275.8890308856478 50.0
1275.8890308856478 50.0
1275.2525780091964 50.0
1275.0934647900835 50.0
1275.0934647900835 50.0
1275.2525780091964 50.0
1274.9343515709706 50.0
1274.6161251327449 50.0
1274.297898694519 50.0
1274.1387854754062 50.0
1274.297898694519 50.0
1273.8205590371801 50.0
1273.3432193798415 50.0
1273.1841061607283 50.0
1273.0249929416154 50.0
1273.0249929416154 50.0
1273.0249929416154 50.0
1273.0249929416154 50.0
1272.8658797225023 50.0
1272.8658797225023 50.0
1272.5476532842765 50.0
1272.7067665033894 50.0
1272.3885400651634 50.0
1272.2294268460503 50.0
1272.0703136269371 50.0
1272.2294268460503 50.0
1272.2294268460503 50.0
1272.0703136269371 50.0
1272.0703136269371 50.0
1271.7520871887111 50.0
1271.4338607504849 50.0
1271.274747531372 50.0
1270.9565210931457 50.0
1270.4791814358064 50.0
1270.4791814358064 50.0
1270.16095499758 50.0
1269.6836153402405 50.0
1269.6836153402405 50.0
1269.6836153402405 50.0
1269.5245021211272 50.0
1269.2062756829007 50.0
1269.0471624637876 50.0
1269.0471624637876 50.0
1269.0471624637876 50.0
1268.8880492446744 50.0
1268.569822806448 50.0
1268.569822806448 50.0
1268.569822806448 50.0
1268.4107095873346 50.0
1267.9333699299948 50.0
1267.7742567108814 50.0
1267.7742567108814 50.0
1267.7742567108814 50.0
1267.4560302726547 50.0
1266.978690615315 50.0
1266.8195773962016 50.0
1266.5013509579749 50.0
1266.183124519748 50.0
1266.183124519748 50.0
1265.7057848624077 50.0
1265.387558424181 50.0
1264.9102187668404 50.0
1264.9102187668404 50.0
1264.4328791095 50.0
1264.114652671273 50.0
1263.3190865757051 50.0
1262.523520480137 50.0
1262.2052940419098 50.0
1262.0461808227963 50.0
1261.7279543845689 50.0
1260.9323882890005 50.0
1260.7732750698867 50.0
1260.7732750698867 50.0
1260.614161850773 50.0
1260.2959354125455 50.0
1259.977708974318 50.0
1259.8185957552041 50.0
1259.6594825360903 50.0
1259.3412560978627 50.0
1259.182142878749 50.0
1258.5456900022937 50.0
1257.909237125838 50.0
1257.750123906724 50.0
1257.2727842493823 50.0
1257.1136710302685 50.0
1256.7954445920404 50.0
1256.6363313729264 50.0
1256.4772181538124 50.0
1256.3181049346983 50.0
1255.9998784964703 50.0
1255.8407652773562 50.0
1255.681652058242 50.0
1255.681652058242 50.0
1255.363425620014 50.0
1255.2043124008997 50.0
1255.0451991817854 50.0
1255.0451991817854 50.0
1255.0451991817854 50.0
1254.8860859626714 50.0
1254.8860859626714 50.0
1254.4087463053288 50.0
1254.4087463053288 50.0
1254.4087463053288 50.0
1254.4087463053288 50.0
1254.4087463053288 50.0
1254.0905198671005 50.0
1254.0905198671005 50.0
1253.772293428872 50.0
1253.2949537715294 50.0
1253.1358405524152 50.0
1253.1358405524152 50.0
1253.1358405524152 50.0
1253.1358405524152 50.0
1253.1358405524152 50.0
1253.1358405524152 50.0
1252.976727333301 50.0
1252.8176141141867 50.0
1252.8176141141867 50.0
1252.499387675958 50.0
1252.499387675958 50.0
1252.3402744568436 50.0
1252.1811612377294 50.0
1252.0220480186151 50.0
1252.0220480186151 50.0
1252.0220480186151 50.0
1251.8629347995009 50.0
1251.7038215803864 50.0
1251.7038215803864 50.0
1251.3855951421576 50.0
1251.3855951421576 50.0
1251.3855951421576 50.0
1251.2264819230431 50.0
1251.2264819230431 50.0
1251.0673687039289 50.0
1250.5900290465856 50.0
1250.5900290465856 50.0
1250.4309158274712 50.0
1250.4309158274712 50.0
1250.4309158274712 50.0
1250.2718026083567 50.0
1249.953576170128 50.0
1249.953576170128 50.0
1249.953576170128 50.0
1249.7944629510134 50.0
1249.635349731899 50.0
1249.635349731899 50.0
1249.4762365127845 50.0
1248.9988968554408 50.0
1248.9988968554408 50.0
1248.9988968554408 50.0
1248.9988968554408 50.0
1248.8397836363263 50.0
1248.8397836363263 50.0
1248.6806704172118 50.0
1248.5215571980973 50.0
1248.3624439789828 50.0
1248.3624439789828 50.0
1248.3624439789828 50.0
1248.3624439789828 50.0
1248.0442175407536 50.0
1248.0442175407536 50.0
1248.203330759868 50.0
1248.5215571980973 50.0
1248.5215571980973 50.0
1248.0442175407536 50.0
1248.0442175407536 50.0
1247.885104321639 50.0
1247.885104321639 50.0
1247.885104321639 50.0
1247.885104321639 50.0
1247.885104321639 50.0
1247.885104321639 50.0
1247.885104321639 50.0
1247.885104321639 50.0
1247.885104321639 50.0
1247.885104321639 50.0
1247.7259911025244 50.0
1247.5668778834097 50.0
1247.407764664295 50.0
1247.407764664295 50.0
1246.930425006951 50.0
1246.930425006951 50.0
1246.7713117878366 50.0
1246.930425006951 50.0
1246.930425006951 50.0
1246.930425006951 50.0
1246.930425006951 50.0
1246.7713117878366 50.0
1246.6121985687219 50.0
1246.6121985687219 50.0
1246.6121985687219 50.0
1246.6121985687219 50.0
1246.6121985687219 50.0
1246.1348589113777 50.0
1246.1348589113777 50.0
1246.1348589113777 50.0
1246.1348589113777 50.0
1246.1348589113777 50.0
1246.1348589113777 50.0
1246.1348589113777 50.0
1245.975745692263 50.0
1245.975745692263 50.0
1245.975745692263 50.0
1245.8166324731483 50.0
1245.8166324731483 50.0
1245.8166324731483 50.0
1245.8166324731483 50.0
1245.8166324731483 50.0
1245.8166324731483 50.0
1245.8166324731483 50.0
1245.8166324731483 50.0
1245.8166324731483 50.0
1245.8166324731483 50.0
