BlockEA
1586.9001271821253 50.0
1615.532788527467 50.0
1670.5074983113511 50.0
1639.2978974443056 50.0
1667.9305587902018 50.0
1655.9048410248804 50.0
1675.9477039671217 50.0
1671.9391313786577 50.0
1686.2554620517815 50.0
1682.5332160767591 50.0
1689.1187281864195 50.0
1693.4136273883846 50.0
1694.8452604557087 50.0
1691.409341094133 50.0
1693.4136273883846 50.0
1689.4050547998834 50.0
1688.8324015729554 50.0
1685.3964822113912 50.0
1691.9819943210618 50.0
1688.5460749594915 50.0
1689.4050547998834 50.0
1686.5417886652451 50.0
1689.6913814133475 50.0
1686.2554620517815 50.0
1687.1144418921726 50.0
1686.5417886652451 50.0
1689.4050547998834 50.0
1688.2597483460277 50.0
1689.9777080268116 50.0
1690.264034640276 50.0
1693.6999540018494 50.0
1690.55036125374 50.0
1693.12730077492 50.0
1689.6913814133475 50.0
1692.2683209345264 50.0
1690.836687867204 50.0
1693.12730077492 50.0
1687.6870951191 50.0
1690.264034640276 50.0
1689.6913814133475 50.0
1690.264034640276 50.0
1691.1230144806686 50.0
1691.9819943210618 50.0
1691.1230144806686 50.0
1691.9819943210618 50.0
1687.400768505636 50.0
1690.264034640276 50.0
1688.2597483460277 50.0
1687.400768505636 50.0
1681.3879096229075 50.0
1675.9477039671217 50.0
1677.6656636478945 50.0
1671.9391313786577 50.0
1670.22117169789 50.0
1666.2125991094374 50.0
1664.4946394286744 50.0
1661.9176999075326 50.0
1657.0501474787177 50.0
1656.1911676383397 50.0
1651.3236152095374 50.0
1650.7509619826203 50.0
1649.6056555287862 50.0
1646.1697361672877 50.0
1644.4517764865402 50.0
1644.7381030999982 50.0
1642.733816805794 50.0
1641.588510351964 50.0
1636.1483046962785 50.0
1636.7209579231921 50.0
1634.7166716289946 50.0
1634.430345015538 50.0
1633.5713651751682 50.0
1632.9987119482553 50.0
1632.712385334799 50.0
1630.4217724271484 50.0
1629.8491192002361 50.0
1630.7080990406046 50.0
1629.56279258678 50.0
1629.2764659733239 50.0
1627.272179679132 50.0
1627.558506292588 50.0
1624.1225869311197 50.0
1623.263607090753 50.0
1621.545647410021 50.0
1618.68238127547 50.0
1616.9644215947408 50.0
1615.532788527467 50.0
1613.2421756198305 50.0
1613.528502233285 50.0
1611.23788932565 50.0
1608.0882965776548 50.0
1604.6523772162086 50.0
1600.930131241313 50.0
1600.0711514009529 50.0
1599.4984981740463 50.0
1597.207885266421 50.0
1596.348905426062 50.0
1593.1993126780806 50.0
1593.771965904986 50.0
1592.0540062242696 50.0
1591.1950263839117 50.0
1590.3360465435542 50.0
1587.4727804090298 50.0
1586.613800568673 50.0
1583.1778812072475 50.0
1579.1693086189214 50.0
1578.8829820054696 50.0
1576.5923690978566 50.0
1574.588082803696 50.0
1574.3017561902445 50.0
1571.15216344228 50.0
1570.0068569884752 50.0
1569.1478771481218 50.0
1565.9982844001604 50.0
1565.1393045598077 50.0
1563.9939981060043 50.0
1564.5666513329058 50.0
1564.2803247194552 50.0
1561.4170585849474 50.0
1563.1350182656518 50.0
1561.1307319714967 50.0
1558.553792450441 50.0
1558.8401190638917 50.0
1557.6948126100895 50.0
1555.6905263159363 50.0
1554.8315464755851 50.0
1552.2546069545324 50.0
1551.3956271141817 50.0
1548.53236097968 50.0
1543.6648085510303 50.0
1543.3784819375803 50.0
1541.0878690299814 50.0
1540.2288891896321 50.0
1539.3699093492828 50.0
1537.9382762820342 50.0
1534.2160303071887 50.0
1535.6476633744367 50.0
1533.3570504668398 50.0
1531.925417399592 50.0
1530.207457718895 50.0
1527.9168448112994 50.0
1527.6305181978498 50.0
1524.767252063356 50.0
1522.1903125423116 50.0
1522.476639155761 50.0
1520.1860262481666 50.0
1518.468066567471 50.0
1517.322760113674 50.0
1515.8911270464278 50.0
1512.4552076850373 50.0
1511.5962278446898 50.0
1510.7372480043423 50.0
1510.7372480043423 50.0
1511.3099012312407 50.0
1511.3099012312407 50.0
1510.164594777444 50.0
1511.0235746177916 50.0
1509.0192883236475 50.0
1507.873981869851 50.0
1506.7286754160543 50.0
1504.4380625084614 50.0
1502.4337762143175 50.0
1502.4337762143175 50.0
1500.7158165336227 50.0
1499.8568366932755 50.0
1499.5705100798264 50.0
1498.9978568529282 50.0
1499.5705100798264 50.0
1500.7158165336227 50.0
1498.9978568529282 50.0
1499.2841834663773 50.0
1499.5705100798264 50.0
1498.9978568529282 50.0
1498.711530239479 50.0
1498.711530239479 50.0
1496.9935705587843 50.0
1496.9935705587843 50.0
1496.4209173318861 50.0
1497.5662237856825 50.0
1496.134590718437 50.0
1497.8525503991316 50.0
1497.5662237856825 50.0
1498.711530239479 50.0
1497.8525503991316 50.0
1497.8525503991316 50.0
1498.1388770125807 50.0
1501.8611229874193 50.0
1503.0064294412157 50.0
1503.2927560546648 50.0
1503.5790826681139 50.0
1504.1517358950123 50.0
1504.1517358950123 50.0
1504.7243891219105 50.0
1503.865409281563 50.0
1503.5790826681139 50.0
1502.7201028277666 50.0
1503.0064294412157 50.0
1502.4337762143175 50.0
1503.0064294412157 50.0
1502.7201028277666 50.0
1501.8611229874193 50.0
1500.7158165336227 50.0
1498.9978568529282 50.0
1499.2841834663773 50.0
1498.1388770125807 50.0
1497.5662237856825 50.0
1497.5662237856825 50.0
1496.7072439453352 50.0
1496.4209173318861 50.0
1496.4209173318861 50.0
1496.134590718437 50.0
1495.2756108780895 50.0
1494.4166310377423 50.0
1495.2756108780895 50.0
1494.4166310377423 50.0
1492.6986713570475 50.0
1492.6986713570475 50.0
1492.126018130149 50.0
1491.553364903251 50.0
1491.2670382898016 50.0
1490.4080584494543 50.0
1490.9807116763525 50.0
1490.121731836005 50.0
1488.9764253822084 50.0
1488.6900987687593 50.0
1487.8311189284118 50.0
1488.117445541861 50.0
1487.5447923149627 50.0
1486.3994858611659 50.0
1485.8268326342675 50.0
1484.1088729535722 50.0
1484.6815261804707 50.0
1484.9678527939197 50.0
1483.822546340123 50.0
1482.3909132728768 50.0
1482.3909132728768 50.0
1482.1045866594275 50.0
1481.2456068190797 50.0
1481.2456068190797 50.0
1480.1003003652827 50.0
1480.1003003652827 50.0
1479.2413205249347 50.0
1479.527647138384 50.0
1479.8139737518334 50.0
1479.8139737518334 50.0
1479.527647138384 50.0
1479.0981572182102 50.0
1478.5255039913116 50.0
1479.6708104451088 50.0
1479.9571370585581 50.0
1479.9571370585581 50.0
1479.6708104451088 50.0
1479.0981572182102 50.0
1478.2391773778622 50.0
1478.2391773778622 50.0
1477.6665241509636 50.0
1477.523360844239 50.0
1476.9507076173402 50.0
1476.9507076173402 50.0
1476.9507076173402 50.0
1475.805401163543 50.0
1474.9464213231947 50.0
1473.514788255948 50.0
1473.8011148693972 50.0
1473.2284616424984 50.0
1472.942135029049 50.0
1474.0874414828465 50.0
1474.0874414828465 50.0
1473.2284616424984 50.0
1471.7968285752513 50.0
1470.6515221214534 50.0
1471.2241753483524 50.0
1471.2241753483524 50.0
1471.5105019618018 50.0
1471.2241753483524 50.0
1470.937848734903 50.0
1471.2241753483524 50.0
1471.5105019618018 50.0
1470.937848734903 50.0
1470.7946854281781 50.0
1470.7946854281781 50.0
1470.5083588147286 50.0
1470.5083588147286 50.0
1469.792542281105 50.0
1470.0788688945545 50.0
1468.9335624407565 50.0
1468.2177459071327 50.0
1468.647235827307 50.0
1468.074582600408 50.0
1468.3609092138574 50.0
1467.9314192936831 50.0
1467.358766066784 50.0
1465.6408063860865 50.0
1465.6408063860865 50.0
1464.495499932288 50.0
1463.4933567852142 50.0
1463.779683398664 50.0
1464.0660100121136 50.0
1463.779683398664 50.0
1464.0660100121136 50.0
1463.4933567852142 50.0
1463.4933567852142 50.0
1462.920703558315 50.0
1462.920703558315 50.0
1463.2070301717647 50.0
1463.2070301717647 50.0
1462.3480503314156 50.0
1461.2027438776167 50.0
1460.6300906507172 50.0
1459.3416208901933 50.0
1459.627947503643 50.0
1458.196314436394 50.0
1459.0552942767433 50.0
1459.0552942767433 50.0
1458.196314436394 50.0
1457.6236612094942 50.0
1458.196314436394 50.0
1457.6236612094942 50.0
1457.3373345960445 50.0
1457.3373345960445 50.0
1457.0510079825945 50.0
1457.3373345960445 50.0
1457.6236612094942 50.0
1457.0510079825945 50.0
1457.0510079825945 50.0
1457.3373345960445 50.0
1457.909987822944 50.0
1457.6236612094942 50.0
1458.7689676632936 50.0
1457.3373345960445 50.0
1456.4783547556947 50.0
1456.192028142245 50.0
1456.7646813691447 50.0
1456.4783547556947 50.0
1455.905701528795 50.0
1455.619374915345 50.0
1455.619374915345 50.0
1454.4740684615451 50.0
1454.7603950749951 50.0
1455.0467216884451 50.0
1454.7603950749951 50.0
1454.1877418480951 50.0
1453.3287620077451 50.0
1453.6150886211951 50.0
1452.7561087808451 50.0
1452.7561087808451 50.0
1452.4697821673951 50.0
1452.1834555539451 50.0
1452.1834555539451 50.0
1452.1834555539451 50.0
1452.4697821673951 50.0
1452.1834555539451 50.0
1451.3244757135947 50.0
1450.7518224866944 50.0
1450.1791692597942 50.0
1450.7518224866944 50.0
1450.7518224866944 50.0
1450.4654958732444 50.0
1450.4654958732444 50.0
1451.897128940495 50.0
1451.3244757135947 50.0
1451.897128940495 50.0
1451.610802327045 50.0
1451.897128940495 50.0
1451.3244757135947 50.0
1450.7518224866944 50.0
1450.7518224866944 50.0
1451.610802327045 50.0
1451.3244757135947 50.0
1451.897128940495 50.0
1452.1834555539451 50.0
1451.897128940495 50.0
1451.610802327045 50.0
1453.3287620077451 50.0
1452.7561087808451 50.0
1451.610802327045 50.0
1451.897128940495 50.0
1452.1834555539451 50.0
1452.1834555539451 50.0
1453.0424353942951 50.0
1452.7561087808451 50.0
1453.0424353942951 50.0
1453.3287620077451 50.0
1454.1877418480951 50.0
1454.4740684615451 50.0
1453.6150886211951 50.0
1453.3287620077451 50.0
1453.6150886211951 50.0
1453.9014152346451 50.0
1453.0424353942951 50.0
1454.1877418480951 50.0
1455.3330483018951 50.0
1455.3330483018951 50.0
1455.905701528795 50.0
1455.905701528795 50.0
1455.3330483018951 50.0
1455.619374915345 50.0
1455.47621160862 50.0
1455.47621160862 50.0
1454.9035583817201 50.0
1454.3309051548201 50.0
1454.4740684615451 50.0
1454.1877418480951 50.0
1453.6150886211951 50.0
1453.6150886211951 50.0
1453.9014152346451 50.0
1454.1877418480951 50.0
1454.1877418480951 50.0
1454.0445785413701 50.0
1454.0445785413701 50.0
1453.0424353942951 50.0
1453.1855987010201 50.0
1453.1855987010201 50.0
1453.1855987010201 50.0
1452.8992720875701 50.0
1453.3287620077451 50.0
1453.3287620077451 50.0
1454.4740684615451 50.0
1453.7582519279201 50.0
1453.7582519279201 50.0
1453.4719253144701 50.0
1453.4719253144701 50.0
1452.8992720875701 50.0
1453.9014152346451 50.0
1453.1855987010201 50.0
1453.1855987010201 50.0
1452.8992720875701 50.0
1452.8992720875701 50.0
1452.3266188606701 50.0
1452.04029224722 50.0
1452.04029224722 50.0
1452.3266188606701 50.0
1452.3266188606701 50.0
1452.8992720875701 50.0
1453.4719253144701 50.0
1453.4719253144701 50.0
1453.1855987010201 50.0
1453.7582519279201 50.0
1453.7582519279201 50.0
1453.7582519279201 50.0
1453.4719253144701 50.0
1454.0445785413701 50.0
1454.3309051548201 50.0
1452.8992720875701 50.0
1452.3266188606701 50.0
1452.6129454741201 50.0
1452.6129454741201 50.0
1452.6129454741201 50.0
1452.4697821673951 50.0
1453.0424353942951 50.0
1453.0424353942951 50.0
1453.0424353942951 50.0
1452.7561087808451 50.0
1452.4697821673951 50.0
1452.4697821673951 50.0
1453.0424353942951 50.0
1453.3287620077451 50.0
1453.1855987010201 50.0
1452.8992720875701 50.0
1452.8992720875701 50.0
1452.8992720875701 50.0
1452.6129454741201 50.0
1452.3266188606701 50.0
1452.1834555539451 50.0
1452.1834555539451 50.0
1451.897128940495 50.0
1451.0381491001447 50.0
1450.4654958732444 50.0
1449.8928426463442 50.0
1450.4654958732444 50.0
1449.8928426463442 50.0
1449.8928426463442 50.0
1449.606516032894 50.0
1449.606516032894 50.0
1449.606516032894 50.0
1449.0338628059935 50.0
1449.0338628059935 50.0
1448.4612095790933 50.0
1448.7475361925435 50.0
1449.3201894194438 50.0
1449.3201894194438 50.0
1449.0338628059935 50.0
1448.7475361925435 50.0
1449.0338628059935 50.0
1449.0338628059935 50.0
1448.7475361925435 50.0
1448.7475361925435 50.0
1449.606516032894 50.0
1449.3201894194438 50.0
1448.8906994992685 50.0
1448.318046272368 50.0
1448.6043728858183 50.0
1448.318046272368 50.0
1448.318046272368 50.0
1448.318046272368 50.0
1448.318046272368 50.0
1448.6043728858183 50.0
1448.8906994992685 50.0
1448.318046272368 50.0
1448.0317196589178 50.0
1447.7453930454676 50.0
1448.318046272368 50.0
1447.4590664320174 50.0
1448.6043728858183 50.0
1448.6043728858183 50.0
1448.318046272368 50.0
1448.318046272368 50.0
1448.318046272368 50.0
1448.0317196589178 50.0
1448.0317196589178 50.0
1447.7453930454676 50.0
1447.7453930454676 50.0
1447.7453930454676 50.0
1447.1727398185672 50.0
1447.1727398185672 50.0
1446.886413205117 50.0
1446.6000865916665 50.0
1446.886413205117 50.0
1446.3137599782162 50.0
1445.7411067513156 50.0
1445.4547801378653 50.0
1445.7411067513156 50.0
1445.1684535244149 50.0
1445.1684535244149 50.0
1444.8821269109644 50.0
1444.5958002975142 50.0
1444.5958002975142 50.0
1444.3094736840637 50.0
1444.0231470706133 50.0
1443.7368204571628 50.0
1443.4504938437124 50.0
1442.8778406168115 50.0
1442.8778406168115 50.0
1442.0188607764599 50.0
1441.446207549559 50.0
1440.8735543226576 50.0
1440.8735543226576 50.0
1440.8735543226576 50.0
1440.3009010957564 50.0
1440.3009010957564 50.0
1439.7282478688553 50.0
1439.155594641954 50.0
1439.4419212554046 50.0
1438.8692680285033 50.0
1438.8692680285033 50.0
1438.5829414150526 50.0
1437.7239615747005 50.0
1437.4376349612498 50.0
1437.4376349612498 50.0
1436.7218184276228 50.0
1435.8628385872703 50.0
1435.7196752805448 50.0
1434.5743688267414 50.0
1435.1470220536432 50.0
1435.1470220536432 50.0
1434.5743688267414 50.0
1434.0017155998396 50.0
1433.4290623729378 50.0
1433.7153889863887 50.0
1433.1427357594866 50.0
1432.8564091460357 50.0
1432.5700825325846 50.0
1433.1427357594866 50.0
1433.7153889863887 50.0
1433.4290623729378 50.0
1433.1427357594866 50.0
1432.5700825325846 50.0
1432.5700825325846 50.0
1431.9974293056825 50.0
1431.9974293056825 50.0
1431.7111026922316 50.0
1431.4247760787805 50.0
1430.565796238427 50.0
1429.9931430115248 50.0
1429.9931430115248 50.0
1429.7068163980737 50.0
1429.1341631711714 50.0
1428.84783655772 50.0
1428.561509944269 50.0
1428.84783655772 50.0
1427.9888567173664 50.0
1427.702530103915 50.0
1427.702530103915 50.0
1427.4162034904637 50.0
1427.702530103915 50.0
1427.4162034904637 50.0
1427.4162034904637 50.0
1427.702530103915 50.0
1427.9888567173664 50.0
1428.561509944269 50.0
1428.2751833308175 50.0
1428.84783655772 50.0
1428.561509944269 50.0
1428.84783655772 50.0
1427.4162034904637 50.0
1427.702530103915 50.0
1427.4162034904637 50.0
1427.1298768770123 50.0
1427.1298768770123 50.0
1426.843550263561 50.0
1426.5572236501096 50.0
1426.5572236501096 50.0
1426.4140603433839 50.0
1426.1277337299325 50.0
1425.5550805030298 50.0
1425.1255905828525 50.0
1425.1255905828525 50.0
1424.5529373559496 50.0
1424.5529373559496 50.0
1424.5529373559496 50.0
1424.2666107424982 50.0
1423.9802841290466 50.0
1423.9802841290466 50.0
1423.9802841290466 50.0
1423.693957515595 50.0
1423.693957515595 50.0
1424.2666107424982 50.0
1423.9802841290466 50.0
1423.1213042886918 50.0
1423.4076309021434 50.0
1422.8349776752402 50.0
1423.4076309021434 50.0
1423.4076309021434 50.0
1423.4076309021434 50.0
1423.1213042886918 50.0
1423.1213042886918 50.0
1423.1213042886918 50.0
1422.5486510617886 50.0
1422.262324448337 50.0
1422.5486510617886 50.0
1421.6896712214339 50.0
1421.1170179945304 50.0
1420.5443647676268 50.0
1420.5443647676268 50.0
1420.401201460901 50.0
1420.1148748474493 50.0
1420.1148748474493 50.0
1419.8285482339975 50.0
1418.3969151667382 50.0
1417.8242619398343 50.0
1417.8242619398343 50.0
1418.6832417801902 50.0
1418.6832417801902 50.0
1418.1105885532863 50.0
1417.5379353263825 50.0
1417.2516087129304 50.0
1416.9652820994784 50.0
1416.9652820994784 50.0
1415.5336490322181 50.0
1414.960995805314 50.0
1414.6746691918618 50.0
1414.3883425784097 50.0
1414.3883425784097 50.0
1414.1020159649574 50.0
1413.8156893515052 50.0
1413.8156893515052 50.0
1413.8156893515052 50.0
1414.3883425784097 50.0
1414.1020159649574 50.0
1413.8156893515052 50.0
1413.8156893515052 50.0
1413.5293627380531 50.0
1412.6703828976963 50.0
1412.384056284244 50.0
1411.525076443887 50.0
1411.2387498304345 50.0
1411.8114030573392 50.0
1411.2387498304345 50.0
1410.0934433766247 50.0
1409.2344635362672 50.0
1409.8071167631722 50.0
1409.8071167631722 50.0
1409.8071167631722 50.0
1409.5207901497197 50.0
1408.661810309362 50.0
1408.0891570824567 50.0
1407.802830469004 50.0
1406.943850628646 50.0
1406.943850628646 50.0
1407.2301772420988 50.0
1407.2301772420988 50.0
1406.6575240151933 50.0
1405.798544174835 50.0
1405.2258909479292 50.0
1404.9395643344762 50.0
1404.6532377210233 50.0
1403.5079312672115 50.0
1403.2216046537585 50.0
1403.2216046537585 50.0
1403.2216046537585 50.0
1402.6489514268524 50.0
1402.6489514268524 50.0
1402.9352780403055 50.0
1402.792114733579 50.0
1401.6468082797664 50.0
1401.6468082797664 50.0
1401.9331348932196 50.0
1401.789971586493 50.0
1401.5036449730399 50.0
1400.9309917461335 50.0
1400.5015018259537 50.0
1400.5015018259537 50.0
1399.9288485990471 50.0
1399.9288485990471 50.0
1400.5015018259537 50.0
1400.2151752125005 50.0
1400.2151752125005 50.0
1400.5015018259537 50.0
1400.5015018259537 50.0
1400.2151752125005 50.0
1400.5015018259537 50.0
1399.7856852923205 50.0
1399.7856852923205 50.0
1399.7856852923205 50.0
1399.213032065414 50.0
1399.213032065414 50.0
1398.640378838507 50.0
1398.640378838507 50.0
1398.640378838507 50.0
1398.0677256116003 50.0
1398.0677256116003 50.0
1396.9224191577862 50.0
1396.3497659308791 50.0
1396.0634393174255 50.0
1394.9181328636107 50.0
1394.9181328636107 50.0
1395.2044594770643 50.0
1395.2044594770643 50.0
1395.0612961703375 50.0
1394.774969556884 50.0
1394.774969556884 50.0
1394.48864294343 50.0
1394.2023163299764 50.0
1394.2023163299764 50.0
1394.0591530232496 50.0
1394.0591530232496 50.0
1394.0591530232496 50.0
1394.0591530232496 50.0
1393.3433364896148 50.0
1393.057009876161 50.0
1392.4843566492532 50.0
1392.4843566492532 50.0
1392.3411933425261 50.0
1392.3411933425261 50.0
1392.3411933425261 50.0
1392.0548667290723 50.0
1392.0548667290723 50.0
1391.7685401156182 50.0
1391.4822135021643 50.0
1391.4822135021643 50.0
1391.4822135021643 50.0
1391.1958868887102 50.0
1391.1958868887102 50.0
1391.0527235819832 50.0
1391.0527235819832 50.0
1390.766396968529 50.0
1390.766396968529 50.0
1390.766396968529 50.0
1390.766396968529 50.0
1390.480070355075 50.0
1390.480070355075 50.0
1390.480070355075 50.0
1390.480070355075 50.0
1390.480070355075 50.0
1390.193743741621 50.0
1389.6210905147125 50.0
1389.3347639012584 50.0
1389.3347639012584 50.0
1389.3347639012584 50.0
1389.3347639012584 50.0
1389.3347639012584 50.0
1389.3347639012584 50.0
1389.3347639012584 50.0
1389.3347639012584 50.0
1389.048437287804 50.0
1389.3347639012584 50.0
1389.3347639012584 50.0
1389.048437287804 50.0
1389.3347639012584 50.0
1388.6189473676227 50.0
1388.905273981077 50.0
1388.905273981077 50.0
1388.905273981077 50.0
1388.905273981077 50.0
1388.905273981077 50.0
1388.905273981077 50.0
1388.905273981077 50.0
1388.905273981077 50.0
1388.3326207541684 50.0
1388.046294140714 50.0
1388.046294140714 50.0
1388.046294140714 50.0
1387.4736409138054 50.0
1386.3283344599877 50.0
1386.0420078465331 50.0
1386.0420078465331 50.0
1386.0420078465331 50.0
1386.0420078465331 50.0
1385.7556812330788 50.0
1386.0420078465331 50.0
1386.0420078465331 50.0
1385.7556812330788 50.0
1386.0420078465331 50.0
1385.7556812330788 50.0
1385.7556812330788 50.0
1386.0420078465331 50.0
1386.0420078465331 50.0
1386.0420078465331 50.0
1386.0420078465331 50.0
1386.0420078465331 50.0
1386.6146610734422 50.0
1386.6146610734422 50.0
1386.3283344599877 50.0
1385.7556812330788 50.0
1385.7556812330788 50.0
1385.4693546196243 50.0
1384.896701392715 50.0
1384.6103747792604 50.0
1384.6103747792604 50.0
1384.6103747792604 50.0
1384.3240481658056 50.0
1384.037721552351 50.0
1383.7513949388963 50.0
1383.7513949388963 50.0
1383.6082316321688 50.0
1383.3219050187142 50.0
1383.3219050187142 50.0
1382.7492517918045 50.0
1382.4629251783497 50.0
1382.176598564895 50.0
1381.603945337985 50.0
1381.603945337985 50.0
1381.0312921110751 50.0
1381.0312921110751 50.0
1380.4586388841649 50.0
1380.4586388841649 50.0
1380.4586388841649 50.0
1380.1723122707099 50.0
1379.8859856572549 50.0
1379.5996590437996 50.0
1379.5996590437996 50.0
1379.5996590437996 50.0
1379.3133324303446 50.0
1378.7406792034342 50.0
1378.454352589979 50.0
1377.8816993630683 50.0
1377.8816993630683 50.0
1377.8816993630683 50.0
1376.736392909247 50.0
1376.163739682336 50.0
1375.8774130688803 50.0
1374.732106615058 50.0
1374.1594533881466 50.0
1373.3004735477796 50.0
1372.1551670939562 50.0
1371.2961872535882 50.0
1370.7235340266761 50.0
1369.5782275728516 50.0
1369.0055743459393 50.0
1368.719247732483 50.0
1368.719247732483 50.0
1368.1465945055704 50.0
1367.5739412786575 50.0
1367.0012880517447 50.0
1366.1423082113752 50.0
1364.9970017575486 50.0
1364.9970017575486 50.0
1364.4243485306351 50.0
1363.5653686902647 50.0
1363.5653686902647 50.0
1362.992715463351 50.0
1362.420062236437 50.0
1361.561082396066 50.0
1360.9884291691517 50.0
1360.9884291691517 50.0
1360.7021025556944 50.0
1360.12944932878 50.0
1359.8431227153228 50.0
1358.9841428749507 50.0
1358.411489648036 50.0
1358.411489648036 50.0
1357.838836421121 50.0
1356.9798565807482 50.0
1356.9798565807482 50.0
1356.1208767403753 50.0
1354.6892436730861 50.0
1353.5439372192543 50.0
1352.3986307654218 50.0
1351.2533243115888 50.0
1350.9669976981304 50.0
1350.3943444712138 50.0
1350.1080178577554 50.0
1349.392201324109 50.0
1348.8195480971917 50.0
1348.533221483733 50.0
1348.533221483733 50.0
1348.533221483733 50.0
1348.2468948702744 50.0
1347.674241643357 50.0
1347.1015884164394 50.0
1347.1015884164394 50.0
1346.8152618029806 50.0
1346.2426085760626 50.0
1345.3836287356858 50.0
1344.8109755087676 50.0
1344.2383222818492 50.0
1343.9519956683898 50.0
1343.3793424414712 50.0
1342.3771992943634 50.0
1341.5182194539848 50.0
1340.9455662270657 50.0
1339.513933159767 50.0
1339.227606546307 50.0
1339.227606546307 50.0
1338.9412799328472 50.0
1338.0823000924674 50.0
1338.0823000924674 50.0
1338.0823000924674 50.0
1337.5096468655472 50.0
1337.5096468655472 50.0
1336.6506670251667 50.0
1335.791687184786 50.0
1335.5053605713256 50.0
1334.3600541174837 50.0
1333.7874008905626 50.0
1334.073727504023 50.0
1333.2147476636412 50.0
1332.9284210501805 50.0
1332.0694412097982 50.0
1331.4967879828764 50.0
1330.6378081424934 50.0
1330.3514815290323 50.0
1329.77882830211 50.0
1329.77882830211 50.0
1328.9198484617264 50.0
1328.633521848265 50.0
1328.3471952348036 50.0
1327.63137870115 50.0
1327.3450520876886 50.0
1327.058725474227 50.0
1326.7723988607654 50.0
1325.9134190203804 50.0
1325.054439179995 50.0
1323.9091327261472 50.0
1323.6228061126853 50.0
1322.7638262722987 50.0
1322.1911730453744 50.0
1321.6185198184498 50.0
1321.1890298982562 50.0
1320.9027032847937 50.0
1320.0437234444062 50.0
1319.4710702174807 50.0
1319.7573968309434 50.0
1319.4710702174807 50.0
1319.1847436040182 50.0
1318.6120903770925 50.0
1318.0394371501668 50.0
1317.7531105367038 50.0
1317.4667839232409 50.0
1316.894130696315 50.0
1316.6078040828518 50.0
1316.0351508559256 50.0
1315.462497628999 50.0
1315.3193343222674 50.0
1315.3193343222674 50.0
1315.033007708804 50.0
1314.1740278684138 50.0
1314.3171911751456 50.0
1313.7445379482185 50.0
1313.1718847212912 50.0
1312.8855581078274 50.0
1312.3129048809 50.0
1312.3129048809 50.0
1312.0265782674362 50.0
1311.7402516539723 50.0
1311.1675984270446 50.0
1310.8812718135805 50.0
1311.0244351203125 50.0
1310.1654552799205 50.0
1309.8791286664564 50.0
1309.3064754395277 50.0
1309.3064754395277 50.0
1309.3064754395277 50.0
1309.0201488260636 50.0
1309.0201488260636 50.0
1309.0201488260636 50.0
1308.7338222125993 50.0
1308.7338222125993 50.0
1308.7338222125993 50.0
1308.7338222125993 50.0
1308.447495599135 50.0
1308.1611689856704 50.0
1308.1611689856704 50.0
1308.1611689856704 50.0
1308.1611689856704 50.0
1308.1611689856704 50.0
1308.1611689856704 50.0
1307.7316790654736 50.0
1307.7316790654736 50.0
1307.7316790654736 50.0
