jSOa
1669.9348450844288 50.0
1738.080579089482 50.0
1486.3994858611659 50.0
1454.9035583817201 50.0
1447.7453930454676 50.0
1376.736392909247 50.0
1400.2151752125005 50.0
1429.9931430115248 50.0
1359.8431227153228 50.0
1404.510074414297 50.0
1415.10415911204 50.0
1373.873126774691 50.0
1377.8816993630683 50.0
1399.069868758687 50.0
1362.13373562298 50.0
1377.8816993630683 50.0
1393.9159897165225 50.0
1354.6892436730861 50.0
1375.3047598419694 50.0
1344.3814855885787 50.0
1345.526792042415 50.0
1350.680671084672 50.0
1327.7745420078809 50.0
1325.4839291001879 50.0
1330.6378081424934 50.0
1315.462497628999 50.0
1322.6206629655676 50.0
1329.4925016886489 50.0
1303.436779863501 50.0
1310.3086185866525 50.0
1316.6078040828518 50.0
1295.9922879133896 50.0
1300.5735137288466 50.0
1301.718820182709 50.0
1287.688816122842 50.0
1293.9880016191232 50.0
1302.0051467961744 50.0
1286.829836282438 50.0
1286.5435096689698 50.0
1289.4067758036483 50.0
1273.3724854493826 50.0
1275.0904451302047 50.0
1274.231465289794 50.0
1267.0732999530182 50.0
1270.7955459281457 50.0
1272.2271789955 50.0
1266.5006467260746 50.0
1263.6373805913536 50.0
1265.0690136587148 50.0
1253.9022757332593 50.0
1258.4835015488413 50.0
1261.0604410700998 50.0
1265.3553402721868 50.0
1257.3381950949472 50.0
1263.3510539778813 50.0
1265.927993499131 50.0
1258.197174935368 50.0
1258.4835015488413 50.0
1260.7741144566269 50.0
1257.3381950949472 50.0
1258.4835015488413 50.0
1262.778400750936 50.0
1256.1928886410521 50.0
1255.9065620275783 50.0
1256.1928886410521 50.0
1252.4706426658868 50.0
1252.7569692793613 50.0
1255.3339088006303 50.0
1250.752682985038 50.0
1253.9022757332593 50.0
1253.0432958928359 50.0
1252.1843160524122 50.0
1246.4577837829063 50.0
1244.4534974885735 50.0
1246.1714571694304 50.0
1242.4492111942377 50.0
1242.4492111942377 50.0
1245.026150715526 50.0
1242.4492111942377 50.0
1243.5945176481443 50.0
1244.1671708750973 50.0
1244.4534974885735 50.0
1240.1585982864217 50.0
1243.0218644211911 50.0
1245.5988039424783 50.0
1241.5902313538072 50.0
1248.4620700772361 50.0
1255.6202354141044 50.0
1251.3253362119879 50.0
1253.3296225063104 50.0
1256.1928886410521 50.0
1261.0604410700998 50.0
1257.6245217084208 50.0
1259.9151346162078 50.0
1259.6288080027346 50.0
1256.1928886410521 50.0
1259.9151346162078 50.0
1262.2057475239908 50.0
1262.2057475239908 50.0
1256.765541868 50.0
1259.9151346162078 50.0
1264.4963604317704 50.0
1258.4835015488413 50.0
1256.765541868 50.0
1259.9151346162078 50.0
1256.765541868 50.0
1254.4749289602078 50.0
1253.9022757332593 50.0
1253.615949119785 50.0
1251.0390095985128 50.0
1249.6073765311376 50.0
1251.3253362119879 50.0
1250.4663563715628 50.0
1247.3167636233338 50.0
1249.0347233041869 50.0
1249.0347233041869 50.0
1251.0390095985128 50.0
1249.0347233041869 50.0
1249.321049917662 50.0
1249.0347233041869 50.0
1245.5988039424783 50.0
1247.6030902368095 50.0
1249.0347233041869 50.0
1249.321049917662 50.0
1247.3167636233338 50.0
1249.321049917662 50.0
1249.321049917662 50.0
1249.0347233041869 50.0
1246.1714571694304 50.0
1245.8851305559542 50.0
1246.1714571694304 50.0
1245.8851305559542 50.0
1242.4492111942377 50.0
1241.3039047403304 50.0
1241.017578126853 50.0
1238.440638605557 50.0
1239.8722716729444 50.0
1239.2996184459898 50.0
1238.1543119920796 50.0
1236.4363523112124 50.0
1234.7183926303428 50.0
1235.863699084256 50.0
1237.581658765124 50.0
1235.2910458572997 50.0
1235.5773724707778 50.0
1234.7183926303428 50.0
1234.145739403386 50.0
1232.7141063359923 50.0
1232.4277797225134 50.0
1232.1414531090343 50.0
1235.2910458572997 50.0
1233.0004329494711 50.0
1233.0004329494711 50.0
1232.7141063359923 50.0
1232.1414531090343 50.0
1230.1371668146799 50.0
1227.846553906842 50.0
1227.273900679882 50.0
1226.128594225961 50.0
1226.128594225961 50.0
1223.551654704635 50.0
1223.837981318116 50.0
1224.4106345450778 50.0
1223.265328091154 50.0
1220.688388569822 50.0
1222.692674864192 50.0
1223.837981318116 50.0
1225.8422676124806 50.0
1223.265328091154 50.0
1224.1243079315968 50.0
1224.1243079315968 50.0
1226.4149208394415 50.0
1226.7012474529217 50.0
1224.4106345450778 50.0
1224.1243079315968 50.0
1224.6969611585585 50.0
1226.4149208394415 50.0
1224.1243079315968 50.0
1225.2696143855196 50.0
1227.560227293362 50.0
1225.8422676124806 50.0
1226.4149208394415 50.0
1224.9832877720391 50.0
1224.4106345450778 50.0
1225.2696143855196 50.0
1224.4106345450778 50.0
1224.1243079315968 50.0
1222.692674864192 50.0
1223.265328091154 50.0
1223.265328091154 50.0
1222.9790014776731 50.0
1223.551654704635 50.0
1221.5473684102667 50.0
1220.9747151833037 50.0
1220.9747151833037 50.0
1222.692674864192 50.0
1220.4020619563405 50.0
1220.688388569822 50.0
1219.829408729377 50.0
1220.4020619563405 50.0
1222.9790014776731 50.0
1224.9832877720391 50.0
1223.551654704635 50.0
1225.8422676124806 50.0
1225.555940999 50.0
1225.2696143855196 50.0
1225.8422676124806 50.0
1223.551654704635 50.0
1223.837981318116 50.0
1224.9832877720391 50.0
1226.4149208394415 50.0
1227.846553906842 50.0
1226.128594225961 50.0
1226.128594225961 50.0
1226.7012474529217 50.0
1228.4192071338018 50.0
1230.1371668146799 50.0
1227.560227293362 50.0
1228.9918603607614 50.0
1230.1371668146799 50.0
1229.8508402012003 50.0
1230.7098200416385 50.0
1233.5730861764287 50.0
1232.4277797225134 50.0
1232.7141063359923 50.0
1233.5730861764287 50.0
1234.4320660168646 50.0
1236.4363523112124 50.0
1236.7226789246904 50.0
1235.5773724707778 50.0
1236.4363523112124 50.0
1236.4363523112124 50.0
1235.5773724707778 50.0
1236.4363523112124 50.0
1236.1500256977342 50.0
1235.0047192438215 50.0
1236.4363523112124 50.0
1237.295332151646 50.0
1238.1543119920796 50.0
1239.0132918325123 50.0
1239.2996184459898 50.0
1241.017578126853 50.0
1239.8722716729444 50.0
1240.444924899899 50.0
1242.4492111942377 50.0
1245.026150715526 50.0
1246.744110396382 50.0
1248.7483966907116 50.0
1247.889416850285 50.0
1246.4577837829063 50.0
1246.1714571694304 50.0
1246.4577837829063 50.0
1249.0347233041869 50.0
1252.1843160524122 50.0
1252.4706426658868 50.0
1251.8979894389374 50.0
1251.8979894389374 50.0
1252.7569692793613 50.0
1254.1886023467337 50.0
1255.3339088006303 50.0
1257.3381950949472 50.0
1259.0561547757882 50.0
1260.487787843154 50.0
1258.7698281623148 50.0
1261.6330942970453 50.0
1263.3510539778813 50.0
1263.9237072048259 50.0
1264.4963604317704 50.0
1266.2143201126028 50.0
1271.0818725416168 50.0
1272.7998322224414 50.0
1272.2271789955 50.0
1272.7998322224414 50.0
1271.0818725416168 50.0
1272.2271789955 50.0
1273.9451386763235 50.0
1275.663098357145 50.0
1275.663098357145 50.0
1276.235751584085 50.0
1275.949424970615 50.0
1277.3810580379645 50.0
1277.9537112649039 50.0
1277.9537112649039 50.0
1278.526364491843 50.0
1278.526364491843 50.0
1279.95799755919 50.0
1281.103304013067 50.0
1281.103304013067 50.0
1282.8212636938802 50.0
1282.2486104669426 50.0
1283.107590307349 50.0
1284.2528967612234 50.0
1287.402489509374 50.0
1287.402489509374 50.0
1287.9751427363096 50.0
1289.6931024171158 50.0
1289.979429030583 50.0
1290.5520822575181 50.0
1290.8384088709854 50.0
1289.6931024171158 50.0
1289.4067758036483 50.0
1290.2657556440508 50.0
1289.979429030583 50.0
1289.979429030583 50.0
1290.5520822575181 50.0
1291.124735484453 50.0
1291.9837153248545 50.0
1293.4153483921896 50.0
1293.7016750056564 50.0
1295.9922879133896 50.0
1295.13330807299 50.0
1297.4239209807213 50.0
1296.8512677537888 50.0
1295.9922879133896 50.0
1296.278614526856 50.0
1296.278614526856 50.0
1295.4196346864564 50.0
1295.9922879133896 50.0
1296.5649411403224 50.0
1295.9922879133896 50.0
1296.278614526856 50.0
1296.5649411403224 50.0
1296.8512677537888 50.0
1298.2829008211195 50.0
1298.8555540480515 50.0
1300.000860501915 50.0
1300.287187115381 50.0
1302.0051467961744 50.0
1301.718820182709 50.0
1303.723106476966 50.0
1306.5863726116154 50.0
1308.3043322924027 50.0
1307.7316790654736 50.0
1306.87269922508 50.0
1306.87269922508 50.0
1308.0180056789382 50.0
1307.4453524520093 50.0
1309.44963874626 50.0
1310.0222919731884 50.0
1309.44963874626 50.0
1311.7402516539723 50.0
1312.3129048809 50.0
1316.3214774693888 50.0
1318.0394371501668 50.0
1320.3300500578687 50.0
1323.1933161924921 50.0
1324.6249492598022 50.0
1324.911275873264 50.0
1325.4839291001879 50.0
1326.9155621674963 50.0
1327.2018887809577 50.0
1327.4882153944193 50.0
1327.4882153944193 50.0
1328.0608686213423 50.0
1328.633521848265 50.0
1329.4925016886489 50.0
1330.3514815290323 50.0
1331.2104613694155 50.0
1331.2104613694155 50.0
1332.0694412097982 50.0
1332.0694412097982 50.0
1332.6420944367198 50.0
1334.073727504023 50.0
1334.9327073444047 50.0
1336.3643404117065 50.0
1335.791687184786 50.0
1335.5053605713256 50.0
1334.073727504023 50.0
1334.3600541174837 50.0
1336.0780137982463 50.0
1336.936993638627 50.0
1336.6506670251667 50.0
1337.7959734790074 50.0
1338.0823000924674 50.0
1338.6549533193872 50.0
1338.6549533193872 50.0
1338.9412799328472 50.0
1340.3729130001464 50.0
1341.2318928405252 50.0
1341.5182194539848 50.0
1341.8045460674446 50.0
1341.8045460674446 50.0
1341.8045460674446 50.0
1342.663525907823 50.0
1343.2361791347416 50.0
1344.0951589751196 50.0
1344.3814855885787 50.0
1344.6678122020378 50.0
1344.6678122020378 50.0
1345.240465428956 50.0
1345.526792042415 50.0
1345.240465428956 50.0
1345.8131186558742 50.0
1345.8131186558742 50.0
1345.526792042415 50.0
1345.240465428956 50.0
1346.0994452693333 50.0
1346.0994452693333 50.0
1346.672098496251 50.0
1346.672098496251 50.0
1346.3857718827921 50.0
1347.2447517231687 50.0
1347.2447517231687 50.0
1347.2447517231687 50.0
1347.5310783366276 50.0
1347.8174049500863 50.0
1347.2447517231687 50.0
1348.1037315635451 50.0
1348.1037315635451 50.0
1348.962711403921 50.0
1352.1123041519636 50.0
1351.2533243115888 50.0
1351.5396509250472 50.0
1351.8259775385054 50.0
1351.8259775385054 50.0
1353.2576106057963 50.0
1354.6892436730861 50.0
1354.1165904461702 50.0
1353.5439372192543 50.0
1352.68495737888 50.0
1353.8302638327123 50.0
1356.1208767403753 50.0
1356.6935299672905 50.0
1358.411489648036 50.0
1359.5567961018655 50.0
1360.4157759422374 50.0
1361.561082396066 50.0
1361.561082396066 50.0
1362.13373562298 50.0
1362.706388849894 50.0
1362.13373562298 50.0
1361.8474090095228 50.0
1360.7021025556944 50.0
1359.2704694884083 50.0
1358.1251630345785 50.0
1358.6978162614932 50.0
1358.411489648036 50.0
1358.1251630345785 50.0
1357.838836421121 50.0
1358.1251630345785 50.0
1358.9841428749507 50.0
1359.8431227153228 50.0
1360.4157759422374 50.0
1360.12944932878 50.0
1360.7021025556944 50.0
1360.4157759422374 50.0
1359.5567961018655 50.0
1360.4157759422374 50.0
1361.561082396066 50.0
1360.9884291691517 50.0
1361.8474090095228 50.0
1361.8474090095228 50.0
1360.9884291691517 50.0
1361.8474090095228 50.0
1362.992715463351 50.0
1363.5653686902647 50.0
1363.5653686902647 50.0
1363.2790420768079 50.0
1363.8516953037215 50.0
1365.569654984462 50.0
1365.569654984462 50.0
1366.1423082113752 50.0
1365.569654984462 50.0
1364.710675144092 50.0
1366.1423082113752 50.0
1365.2833283710054 50.0
1366.1423082113752 50.0
1365.569654984462 50.0
1364.710675144092 50.0
1366.4286348248318 50.0
1366.4286348248318 50.0
1367.0012880517447 50.0
1368.1465945055704 50.0
1368.1465945055704 50.0
1368.1465945055704 50.0
1369.5782275728516 50.0
1370.7235340266761 50.0
1370.1508807997639 50.0
1370.1508807997639 50.0
1372.58465701414 50.0
1374.016290081419 50.0
1374.016290081419 50.0
1373.5868001612353 50.0
1375.5910864554248 50.0
1376.163739682336 50.0
1376.4500662957914 50.0
1376.736392909247 50.0
1381.31761872453 50.0
1380.7449654976201 50.0
1380.0291489639824 50.0
1381.7471086447124 50.0
1382.6060884850772 50.0
1383.7513949388963 50.0
1383.7513949388963 50.0
1384.3240481658056 50.0
1386.3283344599877 50.0
1386.6146610734422 50.0
1386.0420078465331 50.0
1385.4693546196243 50.0
1386.9009876868965 50.0
1386.9009876868965 50.0
1387.75996752726 50.0
1389.4779272079854 50.0
1389.4779272079854 50.0
1389.3347639012584 50.0
1389.9074171281668 50.0
1390.480070355075 50.0
1390.766396968529 50.0
1391.6253768088911 50.0
1392.4843566492532 50.0
1391.9117034223452 50.0
1391.9117034223452 50.0
1392.198030035799 50.0
1394.2023163299764 50.0
1395.2044594770643 50.0
1394.48864294343 50.0
1395.3476227837914 50.0
1394.48864294343 50.0
1394.2023163299764 50.0
1396.492929237606 50.0
1396.2066026241523 50.0
1395.9202760106987 50.0
1396.2066026241523 50.0
1396.3497659308791 50.0
1396.0634393174255 50.0
1397.4950723846932 50.0
1397.7813989981466 50.0
1397.4950723846932 50.0
1398.0677256116003 50.0
1399.213032065414 50.0
1400.3583385192271 50.0
1400.9309917461335 50.0
1400.6446651326803 50.0
1403.2216046537585 50.0
1403.2216046537585 50.0
1404.3669111075706 50.0
1406.228034095014 50.0
1406.3711974017403 50.0
1407.2301772420988 50.0
1408.0891570824567 50.0
1409.2344635362672 50.0
1410.0934433766247 50.0
1411.525076443887 50.0
1411.525076443887 50.0
1413.2430361246008 50.0
1414.1020159649574 50.0
1415.5336490322181 50.0
1415.5336490322181 50.0
1415.8199756456702 50.0
1418.6832417801902 50.0
1418.6832417801902 50.0
1420.5443647676268 50.0
1420.8306913810786 50.0
1422.8349776752402 50.0
1423.9802841290466 50.0
1424.1234474357723 50.0
1425.8414071164812 50.0
1426.4140603433839 50.0
1427.9888567173664 50.0
1428.84783655772 50.0
1429.8499797047994 50.0
1429.7068163980737 50.0
1431.567939385506 50.0
1432.4269192258591 50.0
1434.5743688267414 50.0
1438.1534514948767 50.0
1439.0124313352287 50.0
1441.016717629383 50.0
1440.8735543226576 50.0
1442.0188607764599 50.0
1442.3051873899105 50.0
1442.8778406168115 50.0
1443.0210039235367 50.0
1443.7368204571628 50.0
1442.8778406168115 50.0
1442.4483506966358 50.0
1442.8778406168115 50.0
1443.7368204571628 50.0
1442.591514003361 50.0
1443.164167230262 50.0
1443.3073305369871 50.0
1445.7411067513156 50.0
1447.029576511842 50.0
1447.8885563521928 50.0
1447.7453930454676 50.0
1448.8906994992685 50.0
1449.606516032894 50.0
1452.1834555539451 50.0
1452.1834555539451 50.0
1452.4697821673951 50.0
1453.0424353942951 50.0
1452.6129454741201 50.0
1453.7582519279201 50.0
1453.0424353942951 50.0
1452.7561087808451 50.0
1452.04029224722 50.0
1453.1855987010201 50.0
1451.897128940495 50.0
1452.7561087808451 50.0
1454.1877418480951 50.0
1453.9014152346451 50.0
1455.0467216884451 50.0
1454.7603950749951 50.0
1453.4719253144701 50.0
1454.6172317682701 50.0
1454.3309051548201 50.0
1454.0445785413701 50.0
1454.6172317682701 50.0
1453.6150886211951 50.0
1454.4740684615451 50.0
1454.7603950749951 50.0
1455.3330483018951 50.0
1456.6215180624197 50.0
1456.4783547556947 50.0
1456.7646813691447 50.0
1456.192028142245 50.0
1455.619374915345 50.0
1455.905701528795 50.0
1457.3373345960445 50.0
1456.9078446758697 50.0
1458.3394777431188 50.0
1458.3394777431188 50.0
1457.7668245162192 50.0
1458.053151129669 50.0
1458.4826410498438 50.0
1459.0552942767433 50.0
1460.0574374238176 50.0
1461.3459071843415 50.0
1462.7775402515902 50.0
1463.4933567852142 50.0
1463.779683398664 50.0
1465.354479772637 50.0
1465.0681531591874 50.0
1465.354479772637 50.0
1467.5019293735088 50.0
1468.9335624407565 50.0
1469.3630523609309 50.0
1469.0767257474813 50.0
1470.0788688945545 50.0
1470.365195508004 50.0
1470.365195508004 50.0
1470.6515221214534 50.0
1471.6536652685265 50.0
1473.2284616424984 50.0
1473.514788255948 50.0
1474.6600947097454 50.0
1474.6600947097454 50.0
1475.232747936644 50.0
1476.3780543904415 50.0
1475.5190745500936 50.0
1475.805401163543 50.0
1475.805401163543 50.0
1476.3780543904415 50.0
1476.6643810038909 50.0
1474.9464213231947 50.0
1474.373768096296 50.0
1473.6579515626725 50.0
1473.6579515626725 50.0
1473.3716249492231 50.0
1473.944278176122 50.0
1474.8032580164702 50.0
1474.8032580164702 50.0
1473.6579515626725 50.0
1473.514788255948 50.0
1473.514788255948 50.0
1473.3716249492231 50.0
1473.0852983357736 50.0
1472.512645108875 50.0
1473.6579515626725 50.0
1473.0852983357736 50.0
1473.3716249492231 50.0
1473.2284616424984 50.0
1472.6558084155995 50.0
1471.2241753483524 50.0
1470.365195508004 50.0
1471.2241753483524 50.0
1471.0810120416277 50.0
1470.937848734903 50.0
1471.7968285752513 50.0
1470.365195508004 50.0
1469.792542281105 50.0
1469.5062156676554 50.0
1469.5062156676554 50.0
1469.792542281105 50.0
1469.792542281105 50.0
1470.365195508004 50.0
1469.792542281105 50.0
1469.792542281105 50.0
1470.0788688945545 50.0
1471.367338655077 50.0
1470.7946854281781 50.0
1471.0810120416277 50.0
1471.0810120416277 50.0
1471.367338655077 50.0
1471.939991881976 50.0
1471.7968285752513 50.0
1471.367338655077 50.0
1472.6558084155995 50.0
1473.6579515626725 50.0
1473.944278176122 50.0
1473.0852983357736 50.0
1474.9464213231947 50.0
1475.9485644702675 50.0
1475.6622378568181 50.0
1475.232747936644 50.0
1476.3780543904415 50.0
1476.3780543904415 50.0
1476.0917277769922 50.0
1475.9485644702675 50.0
1475.5190745500936 50.0
1473.8011148693972 50.0
1473.514788255948 50.0
1473.944278176122 50.0
1471.939991881976 50.0
1471.367338655077 50.0
1470.365195508004 50.0
1470.7946854281781 50.0
1471.6536652685265 50.0
1471.939991881976 50.0
1471.367338655077 50.0
1472.2263184954254 50.0
1471.939991881976 50.0
1471.367338655077 50.0
1472.512645108875 50.0
1473.944278176122 50.0
1471.939991881976 50.0
1469.9357055878297 50.0
1470.937848734903 50.0
1470.7946854281781 50.0
1470.2220322012793 50.0
1469.6493789743802 50.0
1469.5062156676554 50.0
1468.2177459071327 50.0
1467.9314192936831 50.0
1467.0724394533345 50.0
1467.358766066784 50.0
1465.9271329995363 50.0
1465.4976430793618 50.0
1464.9249898524627 50.0
1464.495499932288 50.0
1463.9228467053888 50.0
1463.779683398664 50.0
1463.9228467053888 50.0
1463.9228467053888 50.0
1464.2091733188386 50.0
1464.9249898524627 50.0
1464.0660100121136 50.0
1464.495499932288 50.0
1464.6386632390129 50.0
1466.3566229197106 50.0
1466.4997862264354 50.0
1467.358766066784 50.0
1467.0724394533345 50.0
1468.2177459071327 50.0
1468.2177459071327 50.0
1467.0724394533345 50.0
1467.0724394533345 50.0
1466.4997862264354 50.0
1466.070296306261 50.0
1466.3566229197106 50.0
1465.7839696928113 50.0
1465.4976430793618 50.0
1465.2113164659122 50.0
1464.9249898524627 50.0
1464.6386632390129 50.0
1464.9249898524627 50.0
1465.7839696928113 50.0
1464.6386632390129 50.0
1463.9228467053888 50.0
1464.2091733188386 50.0
1463.9228467053888 50.0
1463.0638668650397 50.0
1462.7775402515902 50.0
1462.7775402515902 50.0
1462.2048870246908 50.0
1462.2048870246908 50.0
1461.6322337977913 50.0
1462.7775402515902 50.0
1461.6322337977913 50.0
1461.6322337977913 50.0
1461.918560411241 50.0
1461.0595805708917 50.0
1461.6322337977913 50.0
1461.3459071843415 50.0
1460.7732539574422 50.0
1459.9142741170929 50.0
1459.627947503643 50.0
1460.2006007305426 50.0
1459.9142741170929 50.0
1459.9142741170929 50.0
1459.3416208901933 50.0
1458.7689676632936 50.0
1458.7689676632936 50.0
1458.4826410498438 50.0
1459.0552942767433 50.0
1458.196314436394 50.0
1458.196314436394 50.0
1457.6236612094942 50.0
1458.3394777431188 50.0
1457.4804979027692 50.0
1456.9078446758697 50.0
1456.04886483552 50.0
1456.9078446758697 50.0
1457.1941712893195 50.0
1456.3351914489697 50.0
1456.6215180624197 50.0
1456.6215180624197 50.0
1459.1984575834683 50.0
1460.916417264167 50.0
1460.6300906507172 50.0
1461.2027438776167 50.0
1461.4890704910665 50.0
1460.3437640372674 50.0
1458.3394777431188 50.0
1459.484784196918 50.0
1459.7711108103679 50.0
1460.3437640372674 50.0
1460.916417264167 50.0
1460.0574374238176 50.0
1461.2027438776167 50.0
1460.3437640372674 50.0
1460.3437640372674 50.0
1461.7753971045163 50.0
1462.0617237179658 50.0
1463.2070301717647 50.0
1463.4933567852142 50.0
1464.9249898524627 50.0
1464.6386632390129 50.0
1464.0660100121136 50.0
1463.779683398664 50.0
1464.9249898524627 50.0
1464.6386632390129 50.0
1465.4976430793618 50.0
1466.070296306261 50.0
1466.070296306261 50.0
1464.3523366255633 50.0
1464.9249898524627 50.0
1465.4976430793618 50.0
1466.9292761466097 50.0
1466.9292761466097 50.0
1467.2156027600593 50.0
1466.9292761466097 50.0
1468.074582600408 50.0
1468.074582600408 50.0
1468.3609092138574 50.0
1468.647235827307 50.0
1470.365195508004 50.0
1471.5105019618018 50.0
1471.2241753483524 50.0
1471.2241753483524 50.0
1470.365195508004 50.0
1470.365195508004 50.0
1470.937848734903 50.0
1471.2241753483524 50.0
1471.5105019618018 50.0
1471.2241753483524 50.0
1471.5105019618018 50.0
1470.937848734903 50.0
1470.2220322012793 50.0
1468.5040725205822 50.0
1467.358766066784 50.0
1467.0724394533345 50.0
1467.6450926802336 50.0
1467.0724394533345 50.0
1466.786112839885 50.0
1468.5040725205822 50.0
1465.9271329995363 50.0
1466.2134596129858 50.0
1467.0724394533345 50.0
1467.6450926802336 50.0
1468.5040725205822 50.0
1468.5040725205822 50.0
1469.0767257474813 50.0
1469.6493789743802 50.0
1469.9357055878297 50.0
1470.2220322012793 50.0
1470.5083588147286 50.0
1471.367338655077 50.0
1471.6536652685265 50.0
1471.939991881976 50.0
1471.939991881976 50.0
1472.2263184954254 50.0
1471.0810120416277 50.0
1470.7946854281781 50.0
1471.0810120416277 50.0
1470.7946854281781 50.0
1471.0810120416277 50.0
1471.0810120416277 50.0
1472.2263184954254 50.0
1472.7989717223243 50.0
1473.6579515626725 50.0
1474.2306047895713 50.0
1474.8032580164702 50.0
1476.234891083717 50.0
1477.6665241509636 50.0
1477.2370342307897 50.0
1476.6643810038909 50.0
1477.523360844239 50.0
1477.8096874576884 50.0
1478.0960140711377 50.0
1478.6686672980363 50.0
1479.527647138384 50.0
1479.527647138384 50.0
1480.1003003652827 50.0
1481.2456068190797 50.0
1480.6729535921813 50.0
1480.386626978732 50.0
1481.8182600459784 50.0
1482.677239886326 50.0
1483.822546340123 50.0
1485.683669327543 50.0
1485.683669327543 50.0
1485.1110161006445 50.0
1486.5426491678904 50.0
1486.5426491678904 50.0
1486.8289757813398 50.0
1487.1153023947888 50.0
1488.2606088485854 50.0
1488.2606088485854 50.0
1489.119588688933 50.0
1490.2648951427298 50.0
1490.5512217561788 50.0
1490.2648951427298 50.0
1491.4102015965263 50.0
1492.2691814368736 50.0
1492.841834663772 50.0
1492.5555080503227 50.0
1493.9871411175684 50.0
1494.2734677310177 50.0
1495.7051007982632 50.0
1496.5640806386107 50.0
1497.1367338655089 50.0
1497.709387092407 50.0
1497.709387092407 50.0
1497.1367338655089 50.0
1497.709387092407 50.0
1498.8546935462036 50.0
1498.8546935462036 50.0
1499.4273467731018 50.0
1499.713673386551 50.0
1499.1410201596527 50.0
1500.0 50.0
1502.0042862941439 50.0
1501.7179596806948 50.0
1502.290612907593 50.0
1502.0042862941439 50.0
1502.290612907593 50.0
1502.1474496008684 50.0
1503.2927560546648 50.0
1503.2927560546648 50.0
1503.0064294412157 50.0
1504.1517358950123 50.0
1504.1517358950123 50.0
1504.4380625084614 50.0
1504.1517358950123 50.0
1505.0107157353596 50.0
1504.1517358950123 50.0
1503.5790826681139 50.0
1504.7243891219105 50.0
1503.5790826681139 50.0
1503.865409281563 50.0
1505.5833689622577 50.0
1506.1560221891561 50.0
1507.3013286429525 50.0
1507.4444919496773 50.0
1508.0171451765755 50.0
1508.876125016923 50.0
1508.3034717900246 50.0
1508.5897984034737 50.0
1509.162451630372 50.0
1509.7351048572702 50.0
1510.0214314707196 50.0
1510.0214314707196 50.0
1510.3077580841687 50.0
1510.3077580841687 50.0
1512.0257177648637 50.0
1512.0257177648637 50.0
1512.598370991762 50.0
1514.030004059008 50.0
1514.6026572859064 50.0
1514.8889838993555 50.0
1515.3184738195293 50.0
1515.6048004329787 50.0
1515.6048004329787 50.0
1515.8911270464278 50.0
1517.6090867271232 50.0
1518.7543931809203 50.0
1519.613373021268 50.0
1519.613373021268 50.0
1519.613373021268 50.0
1519.8996996347173 50.0
1520.1860262481666 50.0
1520.472352861616 50.0
1521.3313327019637 50.0
1521.9039859288623 50.0
1521.9039859288623 50.0
1522.1903125423116 50.0
1521.9039859288623 50.0
1521.9039859288623 50.0
1521.9039859288623 50.0
