RDE
1111.8842754413665 50.0
1109.3073359197556 50.0
1205.513078055201 50.0
1271.0818725416168 50.0
1272.2271789955 50.0
1302.8641266365705 50.0
1299.7145338884493 50.0
1280.5306507861285 50.0
1320.9027032847937 50.0
1306.5863726116154 50.0
1311.4539250405085 50.0
1341.2318928405252 50.0
1342.9498525212823 50.0
1358.1251630345785 50.0
1370.1508807997639 50.0
1383.6082316321688 50.0
1371.8688404805002 50.0
1402.2194615066728 50.0
1397.065582464513 50.0
1419.9717115407234 50.0
1431.9974293056825 50.0
1430.8521228518782 50.0
1447.1727398185672 50.0
1453.1855987010201 50.0
1451.46763902032 50.0
1462.6343769448654 50.0
1462.6343769448654 50.0
1465.2113164659122 50.0
1479.2413205249347 50.0
1480.386626978732 50.0
1477.8096874576884 50.0
1486.685812474615 50.0
1484.3951995670213 50.0
1484.1088729535722 50.0
1495.2756108780895 50.0
1496.134590718437 50.0
1501.5747963739702 50.0
1513.0278609119357 50.0
1516.4637802733262 50.0
1514.1731673657325 50.0
1522.1903125423116 50.0
1522.7629657692103 50.0
1524.767252063356 50.0
1529.634804491996 50.0
1526.7715383575016 50.0
1527.9168448112994 50.0
1531.6390907861426 50.0
1531.0664375592435 50.0
1538.5109295089335 50.0
1539.6562359627326 50.0
1539.6562359627326 50.0
1541.3741956434312 50.0
1541.0878690299814 50.0
1551.681953727632 50.0
1549.9639940469308 50.0
1554.2588932486844 50.0
1554.5452198621347 50.0
1557.408485996639 50.0
1560.2717521311447 50.0
1562.5623650387502 50.0
1563.9939981060043 50.0
1562.5623650387502 50.0
1564.8529779463568 50.0
1565.4256311732586 50.0
1567.4299174674154 50.0
1570.2931836019263 50.0
1569.434203761573 50.0
1571.438490055731 50.0
1571.7248166691825 50.0
1571.438490055731 50.0
1575.4470626440504 50.0
1576.8786957113082 50.0
1581.173594913084 50.0
1580.0282884592766 50.0
1581.459921526536 50.0
1584.3231876610557 50.0
1582.3189013668916 50.0
1583.7505344341516 50.0
1585.7548207283164 50.0
1585.182167501412 50.0
1587.4727804090298 50.0
1589.4770667031967 50.0
1591.1950263839117 50.0
1595.489925585703 50.0
1595.2035989722501 50.0
1596.348905426062 50.0
1593.771965904986 50.0
1595.776252199156 50.0
1597.207885266421 50.0
1596.348905426062 50.0
1597.7805384933272 50.0
1597.7805384933272 50.0
1597.7805384933272 50.0
1598.0668651067804 50.0
1600.6438046278595 50.0
1600.0711514009529 50.0
1601.5027844682197 50.0
1601.5027844682197 50.0
1599.212171560593 50.0
1601.2164578547663 50.0
1598.6395183336867 50.0
1598.3531917202336 50.0
1599.4984981740463 50.0
1598.92584494714 50.0
1599.212171560593 50.0
1602.6480909220336 50.0
1602.934417535487 50.0
1603.2207441489406 50.0
1604.0797239893013 50.0
1605.51135705657 50.0
1601.7891110816731 50.0
1602.0754376951265 50.0
1600.0711514009529 50.0
1599.212171560593 50.0
1599.212171560593 50.0
1598.3531917202336 50.0
1598.0668651067804 50.0
1598.0668651067804 50.0
1596.921558652968 50.0
1594.3446191318915 50.0
1593.771965904986 50.0
1593.4856392915333 50.0
1588.9044134762917 50.0
1586.613800568673 50.0
1588.331760249387 50.0
1588.9044134762917 50.0
1589.4770667031967 50.0
1590.9086997704592 50.0
1591.767679610817 50.0
1591.1950263839117 50.0
1592.9129860646276 50.0
1591.4813529973644 50.0
1590.9086997704592 50.0
1590.3360465435542 50.0
1589.4770667031967 50.0
1591.1950263839117 50.0
1590.6223731570067 50.0
1590.9086997704592 50.0
1593.1993126780806 50.0
1596.635232039515 50.0
1598.6395183336867 50.0
1599.7848247874995 50.0
1599.4984981740463 50.0
1600.357478014406 50.0
1600.6438046278595 50.0
1601.2164578547663 50.0
1601.5027844682197 50.0
1603.507070762394 50.0
1602.36176430858 50.0
1600.930131241313 50.0
1600.930131241313 50.0
1600.930131241313 50.0
1601.2164578547663 50.0
1600.0711514009529 50.0
1598.92584494714 50.0
1599.7848247874995 50.0
1600.930131241313 50.0
1599.4984981740463 50.0
1600.0711514009529 50.0
1600.357478014406 50.0
1600.6438046278595 50.0
1602.6480909220336 50.0
1604.366050602755 50.0
1604.6523772162086 50.0
1603.507070762394 50.0
1602.36176430858 50.0
1604.6523772162086 50.0
1607.229316737293 50.0
1606.942990123839 50.0
1606.0840102834775 50.0
1604.366050602755 50.0
1605.225030443116 50.0
1603.7933973758477 50.0
1602.934417535487 50.0
1602.6480909220336 50.0
1604.0797239893013 50.0
1604.0797239893013 50.0
1606.0840102834775 50.0
1605.7976836700236 50.0
1604.366050602755 50.0
1603.7933973758477 50.0
1604.9387038296625 50.0
1606.942990123839 50.0
1608.6609498045627 50.0
1608.6609498045627 50.0
1608.0882965776548 50.0
1607.229316737293 50.0
1606.942990123839 50.0
1605.51135705657 50.0
1605.51135705657 50.0
1603.2207441489406 50.0
1603.7933973758477 50.0
1604.6523772162086 50.0
1603.507070762394 50.0
1602.934417535487 50.0
1603.7933973758477 50.0
1603.507070762394 50.0
1604.366050602755 50.0
1604.366050602755 50.0
1604.6523772162086 50.0
1604.0797239893013 50.0
1602.934417535487 50.0
1602.934417535487 50.0
1602.0754376951265 50.0
1602.0754376951265 50.0
1602.6480909220336 50.0
1602.934417535487 50.0
1604.6523772162086 50.0
1606.3703368969313 50.0
1605.225030443116 50.0
1604.2228872960281 50.0
1605.6545203632968 50.0
1605.6545203632968 50.0
1607.086153430566 50.0
1607.086153430566 50.0
1607.5156433507468 50.0
1607.5156433507468 50.0
1608.0882965776548 50.0
1609.376766338198 50.0
1607.6588066574739 50.0
1610.2357461785605 50.0
1610.5220727920146 50.0
1610.0925828718332 50.0
1608.8041131112898 50.0
1609.376766338198 50.0
1607.801969964201 50.0
1608.9472764180168 50.0
1609.376766338198 50.0
1609.806256258379 50.0
1610.3789094852875 50.0
1611.23788932565 50.0
1612.24003247274 50.0
1612.24003247274 50.0
1610.951562712196 50.0
1610.3789094852875 50.0
1610.5220727920146 50.0
1610.5220727920146 50.0
1609.9494195651064 50.0
1610.8083994054687 50.0
1609.663092951652 50.0
1609.376766338198 50.0
1609.663092951652 50.0
1610.5220727920146 50.0
1609.0904397247439 50.0
1607.9451332709277 50.0
1606.5135002036582 50.0
1606.5135002036582 50.0
1607.6588066574739 50.0
1606.5135002036582 50.0
1607.9451332709277 50.0
1609.376766338198 50.0
1608.5177864978357 50.0
1609.376766338198 50.0
1607.6588066574739 50.0
1608.2314598843818 50.0
1607.37248004402 50.0
1609.0904397247439 50.0
1609.376766338198 50.0
1610.2357461785605 50.0
1609.376766338198 50.0
1608.5177864978357 50.0
1608.5177864978357 50.0
1608.5177864978357 50.0
1608.8041131112898 50.0
1609.376766338198 50.0
1609.376766338198 50.0
1607.6588066574739 50.0
1608.8041131112898 50.0
1609.376766338198 50.0
1609.663092951652 50.0
1608.5177864978357 50.0
1607.6588066574739 50.0
1607.086153430566 50.0
1609.0904397247439 50.0
1607.6588066574739 50.0
1607.9451332709277 50.0
1607.6588066574739 50.0
1607.9451332709277 50.0
1607.6588066574739 50.0
1608.5177864978357 50.0
1608.5177864978357 50.0
1608.3746231911089 50.0
1607.229316737293 50.0
1607.229316737293 50.0
1607.229316737293 50.0
1607.229316737293 50.0
1605.6545203632968 50.0
1605.6545203632968 50.0
1604.7955405229357 50.0
1604.7955405229357 50.0
1603.7933973758477 50.0
1602.934417535487 50.0
1602.6480909220336 50.0
1600.930131241313 50.0
1601.2164578547663 50.0
1602.0754376951265 50.0
1602.6480909220336 50.0
1601.5027844682197 50.0
1601.2164578547663 50.0
1601.5027844682197 50.0
1602.0754376951265 50.0
1602.0754376951265 50.0
1602.6480909220336 50.0
1603.507070762394 50.0
1603.507070762394 50.0
1603.7933973758477 50.0
1603.2207441489406 50.0
1603.7933973758477 50.0
1604.9387038296625 50.0
1604.366050602755 50.0
1604.366050602755 50.0
1602.934417535487 50.0
1603.2207441489406 50.0
1603.507070762394 50.0
1603.2207441489406 50.0
1604.366050602755 50.0
1604.366050602755 50.0
1604.366050602755 50.0
1604.0797239893013 50.0
1603.7933973758477 50.0
1604.366050602755 50.0
1604.7955405229357 50.0
1602.5049276153068 50.0
1603.9365606825745 50.0
1605.368193749843 50.0
1605.0818671363893 50.0
1606.0840102834775 50.0
1606.942990123839 50.0
1606.5135002036582 50.0
1607.37248004402 50.0
1606.799826817112 50.0
1605.9408469767504 50.0
1605.368193749843 50.0
1605.6545203632968 50.0
1606.2271735902043 50.0
1605.9408469767504 50.0
1607.37248004402 50.0
1606.5135002036582 50.0
1607.37248004402 50.0
1607.37248004402 50.0
1607.086153430566 50.0
1607.37248004402 50.0
1606.5135002036582 50.0
1604.5092139094818 50.0
1603.6502340691209 50.0
1603.3639074556675 50.0
1605.6545203632968 50.0
1605.6545203632968 50.0
1605.9408469767504 50.0
1604.7955405229357 50.0
1604.7955405229357 50.0
1604.9387038296625 50.0
1604.7955405229357 50.0
1604.7955405229357 50.0
1605.9408469767504 50.0
1605.368193749843 50.0
1606.799826817112 50.0
1605.6545203632968 50.0
1607.086153430566 50.0
1606.2271735902043 50.0
1606.2271735902043 50.0
1604.7955405229357 50.0
1605.6545203632968 50.0
1604.5092139094818 50.0
1603.9365606825745 50.0
1604.2228872960281 50.0
1604.2228872960281 50.0
1603.9365606825745 50.0
1604.2228872960281 50.0
1603.6502340691209 50.0
1603.3639074556675 50.0
1604.2228872960281 50.0
1603.0775808422138 50.0
1603.0775808422138 50.0
1604.2228872960281 50.0
1605.6545203632968 50.0
1606.5135002036582 50.0
1605.225030443116 50.0
1604.6523772162086 50.0
1604.6523772162086 50.0
1604.0797239893013 50.0
1602.934417535487 50.0
1603.2207441489406 50.0
1602.934417535487 50.0
1601.5027844682197 50.0
1602.0754376951265 50.0
1601.7891110816731 50.0
1600.930131241313 50.0
1600.930131241313 50.0
1601.5027844682197 50.0
1601.2164578547663 50.0
1600.930131241313 50.0
1600.6438046278595 50.0
1600.357478014406 50.0
1601.2164578547663 50.0
1602.0754376951265 50.0
1601.5027844682197 50.0
1602.36176430858 50.0
1603.507070762394 50.0
1603.2207441489406 50.0
1603.0775808422138 50.0
1603.0775808422138 50.0
1603.9365606825745 50.0
1604.2228872960281 50.0
1604.2228872960281 50.0
1603.9365606825745 50.0
1603.9365606825745 50.0
1604.2228872960281 50.0
1604.2228872960281 50.0
1603.0775808422138 50.0
1601.9322743883997 50.0
1603.2207441489406 50.0
1602.934417535487 50.0
1603.507070762394 50.0
1603.7933973758477 50.0
1603.0775808422138 50.0
1602.7912542287602 50.0
1602.5049276153068 50.0
1602.5049276153068 50.0
1603.9365606825745 50.0
1604.0797239893013 50.0
1604.0797239893013 50.0
1604.7955405229357 50.0
1604.0797239893013 50.0
1603.7933973758477 50.0
1603.7933973758477 50.0
1602.2186010018534 50.0
1601.0732945480395 50.0
1600.930131241313 50.0
1600.786967934586 50.0
1600.786967934586 50.0
1601.2164578547663 50.0
1601.2164578547663 50.0
1600.500641321133 50.0
1599.7848247874995 50.0
1599.0690082538665 50.0
1598.210028413507 50.0
1598.0668651067804 50.0
1597.7805384933272 50.0
1598.4963550269601 50.0
1597.6373751866006 50.0
1598.3531917202336 50.0
1599.3553348673197 50.0
1600.357478014406 50.0
1599.7848247874995 50.0
1600.6438046278595 50.0
1599.6416614807729 50.0
1599.7848247874995 50.0
1599.4984981740463 50.0
1600.357478014406 50.0
1600.930131241313 50.0
1602.0754376951265 50.0
1603.2207441489406 50.0
1603.507070762394 50.0
1603.2207441489406 50.0
1603.2207441489406 50.0
1602.36176430858 50.0
1602.36176430858 50.0
1602.0754376951265 50.0
1602.6480909220336 50.0
1602.36176430858 50.0
1602.6480909220336 50.0
1603.2207441489406 50.0
1603.7933973758477 50.0
1604.0797239893013 50.0
1604.366050602755 50.0
1604.0797239893013 50.0
1604.9387038296625 50.0
1605.7976836700236 50.0
1606.0840102834775 50.0
1607.5156433507468 50.0
1606.942990123839 50.0
1607.801969964201 50.0
1608.0882965776548 50.0
1609.0904397247439 50.0
1608.5177864978357 50.0
1609.9494195651064 50.0
1609.9494195651064 50.0
1609.9494195651064 50.0
1609.376766338198 50.0
1608.9472764180168 50.0
1608.8041131112898 50.0
1609.376766338198 50.0
1608.2314598843818 50.0
1608.8041131112898 50.0
1608.2314598843818 50.0
1608.2314598843818 50.0
1607.229316737293 50.0
1607.5156433507468 50.0
1607.6588066574739 50.0
1607.5156433507468 50.0
1607.229316737293 50.0
1607.229316737293 50.0
1608.3746231911089 50.0
1607.5156433507468 50.0
1607.5156433507468 50.0
1607.801969964201 50.0
1607.801969964201 50.0
1609.233603031471 50.0
1608.3746231911089 50.0
1608.0882965776548 50.0
1607.5156433507468 50.0
1607.801969964201 50.0
1607.801969964201 50.0
1607.5156433507468 50.0
1607.6588066574739 50.0
1606.5135002036582 50.0
1606.6566635103852 50.0
1606.5135002036582 50.0
1606.799826817112 50.0
1608.0882965776548 50.0
1608.0882965776548 50.0
1607.229316737293 50.0
1605.7976836700236 50.0
1604.5092139094818 50.0
1603.7933973758477 50.0
1602.6480909220336 50.0
1602.5049276153068 50.0
1601.359621161493 50.0
1600.0711514009529 50.0
1600.357478014406 50.0
1600.6438046278595 50.0
1600.6438046278595 50.0
1600.786967934586 50.0
1601.0732945480395 50.0
1599.6416614807729 50.0
1599.0690082538665 50.0
1599.3553348673197 50.0
1599.0690082538665 50.0
1598.782681640413 50.0
1598.210028413507 50.0
1598.210028413507 50.0
1598.210028413507 50.0
1597.3510485731476 50.0
1596.4920687327885 50.0
1596.4920687327885 50.0
1596.2057421193356 50.0
1595.6330888924294 50.0
1596.2057421193356 50.0
1595.6330888924294 50.0
1594.201455825165 50.0
1594.201455825165 50.0
1593.9151292117124 50.0
1593.9151292117124 50.0
1592.7698227579012 50.0
1593.9151292117124 50.0
1592.9129860646276 50.0
1592.3403328377224 50.0
1591.1950263839117 50.0
1590.0497199301017 50.0
1590.6223731570067 50.0
1589.6202300099228 50.0
1590.9086997704592 50.0
1589.6202300099228 50.0
1589.3339033964703 50.0
1588.9044134762917 50.0
1587.9022703292085 50.0
1586.7569638753992 50.0
1585.3253308081382 50.0
1584.89584088796 50.0
1584.6095142745078 50.0
1584.89584088796 50.0
1583.0347179005216 50.0
1582.8915545937955 50.0
1582.6052279803437 50.0
1580.7441049929062 50.0
1581.030431606358 50.0
1578.7398186987439 50.0
1578.3103287785661 50.0
1577.4513489382114 50.0
1578.0240021651146 50.0
1576.5923690978566 50.0
1576.4492057911307 50.0
1576.0197158709534 50.0
1576.306042484405 50.0
1576.306042484405 50.0
1575.8765525642277 50.0
1574.0154295767932 50.0
1574.0154295767932 50.0
1572.4406332028107 50.0
1572.1543065893593 50.0
1571.15216344228 50.0
1570.5795102153775 50.0
1569.8636936817495 50.0
1569.720530375024 50.0
1569.434203761573 50.0
1568.8615505346706 50.0
1566.2846110136113 50.0
1565.2824678665331 50.0
1565.568794479984 50.0
1564.9961412530822 50.0
1564.2803247194552 50.0
1563.7076714925533 50.0
1563.7076714925533 50.0
1564.1371614127297 50.0
1564.8529779463568 50.0
1563.8508347992788 50.0
1564.2803247194552 50.0
1563.7076714925533 50.0
1561.9897118118488 50.0
1562.2760384252995 50.0
1561.4170585849474 50.0
1561.8465485051233 50.0
1562.5623650387502 50.0
1561.9897118118488 50.0
1562.419201732025 50.0
1562.419201732025 50.0
1561.273895278222 50.0
1561.8465485051233 50.0
1559.6990989042436 50.0
1558.8401190638917 50.0
1558.553792450441 50.0
1557.837975916815 50.0
1556.835832769738 50.0
1556.835832769738 50.0
1556.835832769738 50.0
1556.5495061562876 50.0
1555.6905263159363 50.0
1554.5452198621347 50.0
1554.9747097823104 50.0
1554.1157299419592 50.0
1554.4020565554097 50.0
1555.547363009211 50.0
1555.547363009211 50.0
1555.6905263159363 50.0
1554.5452198621347 50.0
1554.1157299419592 50.0
1553.6862400217838 50.0
1553.113586794883 50.0
1552.8272601814328 50.0
1552.5409335679826 50.0
1551.825117034357 50.0
1551.9682803410822 50.0
1550.8229738872813 50.0
1550.1071573536558 50.0
1548.6755242864053 50.0
1548.24603436623 50.0
1548.53236097968 50.0
1546.9575646057049 50.0
1546.9575646057049 50.0
1547.5302178326049 50.0
1546.6712379922549 50.0
1545.6690948451799 50.0
1544.9532783115549 50.0
1544.380625084655 50.0
1543.2353186308553 50.0
1543.2353186308553 50.0
1542.3763387905058 50.0
1542.090012177056 50.0
1542.8058287106805 50.0
1542.5195020972308 50.0
1542.8058287106805 50.0
1541.946848870331 50.0
1542.8058287106805 50.0
1543.95113516448 50.0
1544.52378839138 50.0
1542.6626654039555 50.0
1542.6626654039555 50.0
1543.2353186308553 50.0
1542.3763387905058 50.0
1542.090012177056 50.0
1543.5216452443053 50.0
1543.807971857755 50.0
1542.5195020972308 50.0
1542.5195020972308 50.0
1542.090012177056 50.0
1541.803685563606 50.0
1542.6626654039555 50.0
1541.2310323367064 50.0
1542.6626654039555 50.0
1540.6583791098067 50.0
1541.3741956434312 50.0
1541.0878690299814 50.0
1541.3741956434312 50.0
1541.3741956434312 50.0
1540.515215803082 50.0
1540.0857258829071 50.0
1539.3699093492828 50.0
1538.5109295089335 50.0
1539.083582735833 50.0
1539.3699093492828 50.0
1540.2288891896321 50.0
1539.9425625761824 50.0
1540.2288891896321 50.0
1541.0878690299814 50.0
1541.3741956434312 50.0
1541.6605222568812 50.0
1540.8015424165317 50.0
1540.8015424165317 50.0
1540.6583791098067 50.0
1541.5173589501562 50.0
1541.5173589501562 50.0
1540.9447057232567 50.0
1541.0878690299814 50.0
1541.6605222568812 50.0
1541.2310323367064 50.0
1541.6605222568812 50.0
1540.8015424165317 50.0
1540.372052496357 50.0
1540.0857258829071 50.0
1540.8015424165317 50.0
1540.6583791098067 50.0
1539.6562359627326 50.0
1540.515215803082 50.0
1540.0857258829071 50.0
1538.6540928156585 50.0
1538.9404194291083 50.0
1539.7993992694574 50.0
1539.9425625761824 50.0
1538.6540928156585 50.0
1538.9404194291083 50.0
1539.3699093492828 50.0
1539.2267460425578 50.0
1540.9447057232567 50.0
1541.5173589501562 50.0
1542.8058287106805 50.0
1542.3763387905058 50.0
1541.803685563606 50.0
1541.803685563606 50.0
1544.094298471205 50.0
1543.2353186308553 50.0
1544.380625084655 50.0
1544.9532783115549 50.0
1544.380625084655 50.0
1544.9532783115549 50.0
1546.6712379922549 50.0
1547.8165444460549 50.0
1546.5280746855299 50.0
1546.3849113788049 50.0
1546.6712379922549 50.0
1547.2438912191549 50.0
1547.6733811393299 50.0
1549.2481775133056 50.0
1549.8208307402058 50.0
1551.5387904209067 50.0
1550.9661371940065 50.0
1550.6798105805562 50.0
1550.536647273831 50.0
1551.1093005007315 50.0
1551.2524638074565 50.0
1551.5387904209067 50.0
1551.5387904209067 50.0
1550.6798105805562 50.0
1552.1114436478072 50.0
1553.2567501016083 50.0
1553.113586794883 50.0
1554.5452198621347 50.0
1553.829403328509 50.0
1553.113586794883 50.0
1552.8272601814328 50.0
1552.8272601814328 50.0
1551.681953727632 50.0
1551.681953727632 50.0
1550.8229738872813 50.0
1551.3956271141817 50.0
1552.5409335679826 50.0
1553.113586794883 50.0
1553.6862400217838 50.0
1552.970423488158 50.0
1552.3977702612574 50.0
1553.2567501016083 50.0
1553.829403328509 50.0
1554.9747097823104 50.0
1555.2610363957608 50.0
1556.4063428495624 50.0
1556.9789960764633 50.0
1556.6926694630129 50.0
1558.4106291437158 50.0
1559.1264456773424 50.0
1559.1264456773424 50.0
1559.6990989042436 50.0
1560.5580787445954 50.0
1561.1307319714967 50.0
1561.1307319714967 50.0
1562.5623650387502 50.0
1562.5623650387502 50.0
1563.1350182656518 50.0
1563.1350182656518 50.0
1564.2803247194552 50.0
1565.1393045598077 50.0
1564.8529779463568 50.0
1565.4256311732586 50.0
1565.7119577867095 50.0
1566.2846110136113 50.0
1566.5709376270622 50.0
1567.1435908539643 50.0
1567.1435908539643 50.0
1566.8572642405134 50.0
1568.2888973077684 50.0
1568.8615505346706 50.0
1570.0068569884752 50.0
1571.438490055731 50.0
1571.438490055731 50.0
1572.0111432826336 50.0
1571.7248166691825 50.0
1572.8701231229877 50.0
1572.0111432826336 50.0
1572.297469896085 50.0
1571.5816533624568 50.0
1572.4406332028107 50.0
1573.2996130431648 50.0
1574.7312461104218 50.0
1574.1585928835188 50.0
1574.7312461104218 50.0
1576.162879177679 50.0
1576.4492057911307 50.0
1577.0218590180339 50.0
1576.7355324045823 50.0
1576.4492057911307 50.0
1576.7355324045823 50.0
1577.0218590180339 50.0
1577.3081856314855 50.0
1578.453492085292 50.0
1581.6030848332618 50.0
1580.7441049929062 50.0
1580.7441049929062 50.0
1581.8894114467137 50.0
1581.8894114467137 50.0
1582.7483912870696 50.0
1582.4620646736175 50.0
1583.8936977408775 50.0
1585.6116574215903 50.0
1585.6116574215903 50.0
1587.0432904888514 50.0
1587.615943715756 50.0
1588.1885969426608 50.0
1587.3296171023037 50.0
1588.1885969426608 50.0
1588.474923556113 50.0
1589.047576783018 50.0
1589.3339033964703 50.0
1590.4792098502803 50.0
1590.7655364637328 50.0
1590.1928832368278 50.0
1590.7655364637328 50.0
1593.056149371354 50.0
1593.3424759848067 50.0
1594.487782438618 50.0
1593.056149371354 50.0
1594.201455825165 50.0
1594.7741090520708 50.0
1596.2057421193356 50.0
1595.9194155058824 50.0
1597.0647219596945 50.0
1598.210028413507 50.0
1598.782681640413 50.0
1598.210028413507 50.0
1597.9237018000538 50.0
1599.3553348673197 50.0
1599.9279880942263 50.0
1599.9279880942263 50.0
1599.9279880942263 50.0
1600.2143147076795 50.0
1601.359621161493 50.0
1601.6459477749463 50.0
1601.359621161493 50.0
1601.6459477749463 50.0
1601.0732945480395 50.0
1601.7891110816731 50.0
1602.934417535487 50.0
1603.7933973758477 50.0
1604.0797239893013 50.0
1604.366050602755 50.0
1604.366050602755 50.0
1604.6523772162086 50.0
1603.2207441489406 50.0
1606.0840102834775 50.0
1606.6566635103852 50.0
1607.801969964201 50.0
1607.801969964201 50.0
1608.9472764180168 50.0
1609.519929644925 50.0
1609.519929644925 50.0
1609.519929644925 50.0
1609.519929644925 50.0
1609.233603031471 50.0
1609.519929644925 50.0
1610.6652360987416 50.0
1611.23788932565 50.0
1610.951562712196 50.0
1610.951562712196 50.0
1610.951562712196 50.0
1611.5242159391044 50.0
1612.3831957794673 50.0
1613.2421756198305 50.0
1614.673808687103 50.0
1615.532788527467 50.0
1615.8191151409217 50.0
1616.3917683678312 50.0
1616.6780949812858 50.0
1616.9644215947408 50.0
1617.2507482081955 50.0
1617.823401435105 50.0
1617.2507482081955 50.0
1616.6780949812858 50.0
1617.107584901468 50.0
1617.3939115149228 50.0
1617.823401435105 50.0
1618.396054662015 50.0
1618.68238127547 50.0
1618.9687078889249 50.0
1618.9687078889249 50.0
1619.5413611158351 50.0
1619.5413611158351 50.0
1619.2550345023799 50.0
1619.8276877292901 50.0
1621.4024841032935 50.0
1620.829830876383 50.0
1621.975137330204 50.0
1623.4067703974808 50.0
1623.263607090753 50.0
1624.4089135445752 50.0
1625.267893384942 50.0
1624.6952401580306 50.0
1625.267893384942 50.0
1626.126873225309 50.0
1626.126873225309 50.0
1625.5542199983975 50.0
1626.4131998387647 50.0
1625.267893384942 50.0
1625.267893384942 50.0
1626.4131998387647 50.0
1626.4131998387647 50.0
1626.6995264522204 50.0
1625.8405466118534 50.0
1626.4131998387647 50.0
1627.558506292588 50.0
1626.6995264522204 50.0
1627.558506292588 50.0
1626.6995264522204 50.0
1626.6995264522204 50.0
1627.558506292588 50.0
1628.1311595194998 50.0
1628.1311595194998 50.0
1629.2764659733239 50.0
1628.9901393598677 50.0
1628.9901393598677 50.0
1629.2764659733239 50.0
1629.56279258678 50.0
1628.9901393598677 50.0
1629.56279258678 50.0
1629.8491192002361 50.0
1628.9901393598677 50.0
1629.56279258678 50.0
1629.56279258678 50.0
1630.7080990406046 50.0
1631.4239155742453 50.0
1631.8534054944296 50.0
1631.280752267517 50.0
1631.8534054944296 50.0
1632.9987119482553 50.0
1631.8534054944296 50.0
1632.9987119482553 50.0
1632.9987119482553 50.0
1633.5713651751682 50.0
1634.1440184020814 50.0
1635.5756514693649 50.0
1637.579937763563 50.0
1637.293611150106 50.0
1638.86840752412 50.0
1639.441060751034 50.0
1638.86840752412 50.0
1638.86840752412 50.0
1638.5820809106626 50.0
1639.2978974443056 50.0
1639.5842240577626 50.0
1639.5842240577626 50.0
1640.1568772846772 50.0
1640.7295305115917 50.0
1641.0158571250493 50.0
1641.3021837385068 50.0
1641.588510351964 50.0
1641.8748369654215 50.0
1641.8748369654215 50.0
1642.4474901923365 50.0
1641.3021837385068 50.0
1641.8748369654215 50.0
1641.588510351964 50.0
1641.0158571250493 50.0
1640.7295305115917 50.0
1641.0158571250493 50.0
1640.3000405914058 50.0
1639.7273873644913 50.0
1640.0137139779486 50.0
1639.7273873644913 50.0
1638.5820809106626 50.0
1638.2957542972056 50.0
1637.7231010702915 50.0
1638.0094276837485 50.0
1638.0094276837485 50.0
1638.2957542972056 50.0
1638.0094276837485 50.0
1638.0094276837485 50.0
1637.1504478433776 50.0
1636.291468003007 50.0
1636.291468003007 50.0
1636.00514138955 50.0
1636.7209579231921 50.0
1637.007284536649 50.0
1636.7209579231921 50.0
