6.47e+02, 6.09e+02, 6.46e+02, 5.94e+02, 6.26e+02, 6.40e+02, 6.06e+02, 5.36e+02, 6.61e+02, 6.27e+02, 5.76e+02, 7.08e+02, 6.74e+02, 5.76e+02, 6.05e+02, 6.74e+02, 6.13e+02, 6.75e+02, 6.42e+02, 6.13e+02, 6.50e+02, 6.00e+02, 6.73e+02, 6.56e+02, 6.32e+02, 6.44e+02, 6.63e+02, 6.25e+02, 6.97e+02, 6.10e+02, 6.76e+02, 6.08e+02, 6.12e+02, 6.33e+02, 6.85e+02, 6.43e+02, 5.91e+02, 6.64e+02, 6.00e+02, 6.05e+02, 6.23e+02, 6.66e+02, 5.39e+02, 6.36e+02, 6.23e+02, 6.77e+02, 6.18e+02, 7.56e+02, 6.25e+02, 6.55e+02, 6.73e+02
5.56e+02, 5.92e+02, 6.18e+02, 4.64e+02, 5.71e+02, 4.68e+02, 5.63e+02, 5.24e+02, 6.09e+02, 5.78e+02, 5.33e+02, 5.78e+02, 6.01e+02, 5.35e+02, 5.64e+02, 6.04e+02, 5.86e+02, 6.14e+02, 6.08e+02, 5.84e+02, 5.70e+02, 5.22e+02, 6.01e+02, 6.04e+02, 5.44e+02, 5.78e+02, 5.98e+02, 5.77e+02, 6.08e+02, 5.95e+02, 6.03e+02, 5.62e+02, 5.85e+02, 6.21e+02, 5.91e+02, 6.28e+02, 5.64e+02, 6.25e+02, 5.72e+02, 5.34e+02, 5.76e+02, 6.12e+02, 4.73e+02, 5.86e+02, 5.20e+02, 5.66e+02, 5.97e+02, 7.15e+02, 6.07e+02, 6.21e+02, 5.58e+02
5.46e+02, 5.87e+02, 6.05e+02, 4.61e+02, 5.63e+02, 4.67e+02, 5.57e+02, 5.23e+02, 5.99e+02, 5.58e+02, 5.31e+02, 5.67e+02, 5.62e+02, 5.25e+02, 5.58e+02, 5.19e+02, 5.72e+02, 5.66e+02, 5.73e+02, 5.79e+02, 5.51e+02, 5.01e+02, 5.86e+02, 5.65e+02, 5.26e+02, 5.73e+02, 5.74e+02, 5.69e+02, 5.71e+02, 5.91e+02, 5.92e+02, 5.59e+02, 5.75e+02, 5.95e+02, 5.24e+02, 6.23e+02, 5.61e+02, 6.13e+02, 5.65e+02, 5.28e+02, 5.67e+02, 5.73e+02, 4.67e+02, 5.84e+02, 5.04e+02, 5.28e+02, 5.37e+02, 6.50e+02, 6.05e+02, 6.07e+02, 5.10e+02
5.28e+02, 5.87e+02, 6.01e+02, 4.61e+02, 5.63e+02, 4.67e+02, 5.56e+02, 5.23e+02, 5.81e+02, 5.56e+02, 5.31e+02, 5.61e+02, 5.32e+02, 5.23e+02, 5.58e+02, 5.11e+02, 5.61e+02, 5.63e+02, 5.58e+02, 5.79e+02, 5.29e+02, 4.80e+02, 5.80e+02, 5.63e+02, 5.10e+02, 5.72e+02, 5.65e+02, 5.69e+02, 5.69e+02, 5.78e+02, 5.91e+02, 5.50e+02, 5.66e+02, 5.92e+02, 5.19e+02, 5.96e+02, 5.61e+02, 6.12e+02, 5.34e+02, 5.24e+02, 5.67e+02, 5.61e+02, 4.66e+02, 5.81e+02, 4.57e+02, 5.24e+02, 5.29e+02, 5.13e+02, 6.05e+02, 5.94e+02, 4.86e+02
5.28e+02, 5.87e+02, 5.76e+02, 4.61e+02, 5.63e+02, 4.67e+02, 5.56e+02, 5.23e+02, 5.80e+02, 5.56e+02, 5.31e+02, 5.55e+02, 5.24e+02, 5.23e+02, 5.58e+02, 5.11e+02, 5.57e+02, 5.63e+02, 5.12e+02, 5.79e+02, 5.28e+02, 4.80e+02, 5.75e+02, 5.63e+02, 4.92e+02, 5.68e+02, 5.12e+02, 5.69e+02, 5.69e+02, 5.61e+02, 5.91e+02, 5.24e+02, 5.63e+02, 5.92e+02, 5.13e+02, 5.65e+02, 5.61e+02, 6.12e+02, 5.33e+02, 5.19e+02, 5.67e+02, 5.60e+02, 4.66e+02, 5.79e+02, 4.57e+02, 5.24e+02, 5.28e+02, 4.80e+02, 6.03e+02, 5.85e+02, 4.61e+02
5.28e+02, 5.86e+02, 5.70e+02, 4.61e+02, 5.63e+02, 4.67e+02, 5.56e+02, 5.23e+02, 5.80e+02, 5.56e+02, 5.31e+02, 5.18e+02, 5.24e+02, 5.23e+02, 5.58e+02, 5.11e+02, 5.22e+02, 5.63e+02, 4.78e+02, 5.79e+02, 5.28e+02, 4.80e+02, 5.75e+02, 5.63e+02, 4.92e+02, 5.06e+02, 5.11e+02, 5.69e+02, 5.69e+02, 5.61e+02, 5.91e+02, 5.24e+02, 5.63e+02, 5.92e+02, 4.80e+02, 5.59e+02, 5.61e+02, 6.12e+02, 5.33e+02, 4.85e+02, 5.67e+02, 5.60e+02, 4.66e+02, 5.64e+02, 4.57e+02, 5.24e+02, 5.28e+02, 4.80e+02, 6.01e+02, 5.85e+02, 4.61e+02
5.28e+02, 5.86e+02, 5.64e+02, 4.61e+02, 5.63e+02, 4.67e+02, 5.56e+02, 5.23e+02, 5.80e+02, 5.56e+02, 5.31e+02, 4.71e+02, 5.24e+02, 5.23e+02, 5.58e+02, 5.11e+02, 5.22e+02, 5.63e+02, 4.78e+02, 5.78e+02, 5.28e+02, 4.80e+02, 5.75e+02, 5.63e+02, 4.92e+02, 4.61e+02, 5.11e+02, 5.69e+02, 5.69e+02, 5.61e+02, 5.91e+02, 5.24e+02, 5.63e+02, 5.92e+02, 4.80e+02, 5.24e+02, 5.61e+02, 6.12e+02, 5.33e+02, 4.80e+02, 5.67e+02, 5.60e+02, 4.66e+02, 5.64e+02, 4.57e+02, 5.24e+02, 5.28e+02, 4.80e+02, 6.01e+02, 5.85e+02, 4.61e+02
5.28e+02, 5.86e+02, 5.64e+02, 4.61e+02, 5.63e+02, 4.67e+02, 5.56e+02, 5.23e+02, 5.80e+02, 5.56e+02, 5.31e+02, 4.71e+02, 5.24e+02, 5.23e+02, 5.58e+02, 5.11e+02, 5.22e+02, 5.63e+02, 4.78e+02, 5.78e+02, 5.28e+02, 4.80e+02, 5.75e+02, 5.63e+02, 4.92e+02, 4.61e+02, 5.11e+02, 5.69e+02, 5.69e+02, 5.61e+02, 5.91e+02, 5.24e+02, 5.63e+02, 5.92e+02, 4.80e+02, 5.24e+02, 5.61e+02, 6.12e+02, 5.33e+02, 4.80e+02, 5.67e+02, 5.60e+02, 4.66e+02, 5.64e+02, 4.57e+02, 5.24e+02, 5.28e+02, 4.80e+02, 6.01e+02, 5.85e+02, 4.61e+02
5.28e+02, 5.86e+02, 5.64e+02, 4.61e+02, 5.63e+02, 4.67e+02, 5.56e+02, 5.23e+02, 5.80e+02, 5.56e+02, 5.31e+02, 4.71e+02, 5.24e+02, 5.23e+02, 5.58e+02, 5.11e+02, 5.22e+02, 5.63e+02, 4.78e+02, 5.78e+02, 5.28e+02, 4.80e+02, 5.75e+02, 5.63e+02, 4.92e+02, 4.60e+02, 5.11e+02, 5.69e+02, 5.69e+02, 5.61e+02, 5.91e+02, 5.24e+02, 5.63e+02, 5.92e+02, 4.80e+02, 5.24e+02, 5.61e+02, 6.12e+02, 5.33e+02, 4.80e+02, 5.67e+02, 5.60e+02, 4.66e+02, 5.64e+02, 4.57e+02, 5.24e+02, 5.28e+02, 4.80e+02, 6.01e+02, 5.85e+02, 4.61e+02
5.28e+02, 5.86e+02, 5.64e+02, 4.61e+02, 5.63e+02, 4.67e+02, 5.56e+02, 5.23e+02, 5.80e+02, 5.56e+02, 5.31e+02, 4.71e+02, 5.24e+02, 5.23e+02, 5.58e+02, 5.11e+02, 5.22e+02, 5.63e+02, 4.78e+02, 5.78e+02, 5.28e+02, 4.80e+02, 5.75e+02, 5.63e+02, 4.92e+02, 4.60e+02, 5.11e+02, 5.69e+02, 5.69e+02, 5.61e+02, 5.91e+02, 5.24e+02, 5.63e+02, 5.92e+02, 4.80e+02, 5.24e+02, 5.61e+02, 6.12e+02, 5.33e+02, 4.80e+02, 5.67e+02, 5.60e+02, 4.66e+02, 5.64e+02, 4.57e+02, 5.24e+02, 5.28e+02, 4.80e+02, 6.01e+02, 5.85e+02, 4.61e+02
5.28e+02, 5.86e+02, 5.64e+02, 4.61e+02, 5.63e+02, 4.67e+02, 5.56e+02, 5.23e+02, 5.80e+02, 5.56e+02, 5.31e+02, 4.71e+02, 5.24e+02, 5.23e+02, 5.58e+02, 5.11e+02, 5.22e+02, 5.63e+02, 4.78e+02, 5.78e+02, 5.28e+02, 4.80e+02, 5.75e+02, 5.63e+02, 4.92e+02, 4.60e+02, 5.11e+02, 5.69e+02, 5.69e+02, 5.61e+02, 5.91e+02, 5.24e+02, 5.63e+02, 5.92e+02, 4.80e+02, 5.24e+02, 5.61e+02, 6.12e+02, 5.33e+02, 4.80e+02, 5.67e+02, 5.60e+02, 4.66e+02, 5.64e+02, 4.57e+02, 5.24e+02, 5.28e+02, 4.80e+02, 6.01e+02, 5.85e+02, 4.61e+02
5.28e+02, 5.86e+02, 5.64e+02, 4.61e+02, 5.63e+02, 4.67e+02, 5.56e+02, 5.23e+02, 5.80e+02, 5.56e+02, 5.31e+02, 4.71e+02, 5.24e+02, 5.23e+02, 5.58e+02, 5.11e+02, 5.22e+02, 5.63e+02, 4.78e+02, 5.78e+02, 5.28e+02, 4.80e+02, 5.75e+02, 5.63e+02, 4.92e+02, 4.60e+02, 5.11e+02, 5.69e+02, 5.69e+02, 5.61e+02, 5.91e+02, 5.24e+02, 5.63e+02, 5.92e+02, 4.80e+02, 5.24e+02, 5.61e+02, 6.12e+02, 5.33e+02, 4.80e+02, 5.67e+02, 5.60e+02, 4.66e+02, 5.64e+02, 4.57e+02, 5.24e+02, 5.28e+02, 4.80e+02, 6.01e+02, 5.85e+02, 4.61e+02
5.28e+02, 5.86e+02, 5.64e+02, 4.61e+02, 5.63e+02, 4.67e+02, 5.56e+02, 5.23e+02, 5.80e+02, 5.56e+02, 5.31e+02, 4.71e+02, 5.24e+02, 5.23e+02, 5.58e+02, 5.11e+02, 5.22e+02, 5.63e+02, 4.78e+02, 5.78e+02, 5.28e+02, 4.80e+02, 5.75e+02, 5.63e+02, 4.92e+02, 4.60e+02, 5.11e+02, 5.69e+02, 5.69e+02, 5.61e+02, 5.91e+02, 5.24e+02, 5.63e+02, 5.92e+02, 4.80e+02, 5.24e+02, 5.61e+02, 6.12e+02, 5.33e+02, 4.80e+02, 5.67e+02, 5.60e+02, 4.66e+02, 5.64e+02, 4.57e+02, 5.24e+02, 5.28e+02, 4.80e+02, 6.01e+02, 5.85e+02, 4.61e+02
5.28e+02, 5.86e+02, 5.64e+02, 4.61e+02, 5.63e+02, 4.67e+02, 5.56e+02, 5.23e+02, 5.80e+02, 5.56e+02, 5.31e+02, 4.71e+02, 5.24e+02, 5.23e+02, 5.58e+02, 5.11e+02, 5.22e+02, 5.63e+02, 4.78e+02, 5.78e+02, 5.28e+02, 4.80e+02, 5.75e+02, 5.63e+02, 4.92e+02, 4.60e+02, 5.11e+02, 5.69e+02, 5.69e+02, 5.61e+02, 5.91e+02, 5.24e+02, 5.63e+02, 5.92e+02, 4.80e+02, 5.24e+02, 5.61e+02, 6.12e+02, 5.33e+02, 4.80e+02, 5.67e+02, 5.60e+02, 4.66e+02, 5.64e+02, 4.57e+02, 5.24e+02, 5.28e+02, 4.80e+02, 6.01e+02, 5.85e+02, 4.61e+02