IEACOP
1601.5027844682197 50.0
1494.4166310377423 50.0
1680.2426031690566 50.0
1767.8585468909657 50.0
1786.7561033807228 50.0
1815.388764729414 50.0
1821.9742768397173 50.0
1834.8589744469502 50.0
1833.9999946064631 50.0
1844.307752692357 50.0
1842.3034663978694 50.0
1845.4530591463517 50.0
1844.0214260788584 50.0
1849.4616317353436 50.0
1842.5897930113674 50.0
1847.4573454408458 50.0
1844.8804059193542 50.0
1847.743672054345 50.0
1844.5940793058555 50.0
1842.3034663978694 50.0
1842.5897930113674 50.0
1838.8675470359 50.0
1839.440200262894 50.0
1839.7265268763913 50.0
1838.0085671954093 50.0
1838.0085671954093 50.0
1833.427341379472 50.0
1833.9999946064631 50.0
1830.8504018580163 50.0
1830.5640752445215 50.0
1826.2691760421108 50.0
1825.982849428617 50.0
1822.5469300667019 50.0
1823.119583293687 50.0
1820.8289703857486 50.0
1819.1110107047978 50.0
1817.106724410359 50.0
1817.106724410359 50.0
1814.8161115024332 50.0
1813.098151821492 50.0
1810.234885686596 50.0
1810.5212123000854 50.0
1808.803252619151 50.0
1806.2263130977542 50.0
1800.7861074414918 50.0
1796.4912082391975 50.0
1792.7689622638889 50.0
1788.760389675108 50.0
1787.042429994206 50.0
1783.8928372458922 50.0
1779.0252848166963 50.0
1779.311611430178 50.0
1775.5893654549222 50.0
1776.734671908846 50.0
1773.871405774039 50.0
1772.439772706638 50.0
1774.1577323875194 50.0
1775.3030388414415 50.0
1772.153446093158 50.0
1772.439772706638 50.0
1773.871405774039 50.0
1770.4354864122793 50.0
1770.1491597987997 50.0
1771.0081396392386 50.0
1770.1491597987997 50.0
1771.0081396392386 50.0
1770.1491597987997 50.0
1768.4312001179237 50.0
1769.2901799583615 50.0
1765.2816073696572 50.0
1764.136300915744 50.0
1762.1320146213982 50.0
1761.559361394443 50.0
1761.559361394443 50.0
1759.2687484866237 50.0
1758.6960952596696 50.0
1757.5507888057623 50.0
1756.1191557383793 50.0
1755.2601758979501 50.0
1754.4011960575217 50.0
1754.6875226709979 50.0
1750.9652766958131 50.0
1749.8199702419122 50.0
1748.1020105610626 50.0
1748.9609904014872 50.0
1749.247317014962 50.0
1748.3883371745374 50.0
1747.5293573341132 50.0
1746.9567041071641 50.0
1746.0977242667407 50.0
1747.2430307206387 50.0
1744.9524178128436 50.0
1748.3883371745374 50.0
1747.5293573341132 50.0
1744.3797645858956 50.0
1743.520784745474 50.0
1742.3754782915792 50.0
1738.9395589299002 50.0
1737.5079258625365 50.0
1736.6489460221187 50.0
1738.080579089482 50.0
1737.221599249064 50.0
1735.7899661817019 50.0
1737.5079258625365 50.0
1738.080579089482 50.0
1740.0848653837922 50.0
1740.3711919972654 50.0
1739.2258855433731 50.0
1740.9438452242118 50.0
1742.6618049050528 50.0
1745.8113976532663 50.0
1747.2430307206387 50.0
1747.8156839475878 50.0
1748.3883371745374 50.0
1746.6703774936896 50.0
1747.2430307206387 50.0
1745.8113976532663 50.0
1747.5293573341132 50.0
1746.384050880215 50.0
1745.5250710397922 50.0
1745.238744426318 50.0
1745.238744426318 50.0
1745.8113976532663 50.0
1744.3797645858956 50.0
1742.3754782915792 50.0
1741.2301718376852 50.0
1740.0848653837922 50.0
1737.221599249064 50.0
1737.221599249064 50.0
1736.0762927951741 50.0
1736.9352726355914 50.0
1736.0762927951741 50.0
1733.4993532739254 50.0
1733.2130266604536 50.0
1732.067720206567 50.0
1732.067720206567 50.0
1731.2087403661526 50.0
1729.2044540718543 50.0
1730.6360871392098 50.0
1730.3497605257387 50.0
1729.4907806853253 50.0
1728.9181274583832 50.0
1727.7728210045 50.0
1724.9095548697953 50.0
1724.336901642855 50.0
1724.9095548697953 50.0
1723.477921802445 50.0
1722.6189419620355 50.0
1722.0462887350961 50.0
1721.1873088946875 50.0
1719.7556758273406 50.0
1717.4650629195885 50.0
1714.8881233983711 50.0
1715.1744500118396 50.0
1714.8881233983711 50.0
1714.3154701714348 50.0
1713.7428169444984 50.0
1713.170163717562 50.0
1710.020570969417 50.0
1709.7342443559492 50.0
1707.1573048347443 50.0
1706.2983249943436 50.0
1705.4393451539433 50.0
1703.721385473144 50.0
1702.2897524058126 50.0
1699.999139498085 50.0
1697.422199976895 50.0
1695.1315870691735 50.0
1693.6999540018494 50.0
1692.8409741614555 50.0
1690.55036125374 50.0
1689.6913814133475 50.0
1687.9734217325638 50.0
1685.6828088248544 50.0
1686.2554620517815 50.0
1684.2511757575378 50.0
1681.9605628498332 50.0
1681.1015830094448 50.0
1680.2426031690566 50.0
1678.5246434882815 50.0
1679.0972967152063 50.0
1678.238316874819 50.0
1676.5203571940458 50.0
1677.6656636478945 50.0
1677.3793370344324 50.0
1676.2340305805837 50.0
1675.3750507401978 50.0
1674.2297442863505 50.0
1673.9434176728887 50.0
1673.657091059427 50.0
1673.3707644459655 50.0
1672.2254579921191 50.0
1671.9391313786577 50.0
1672.2254579921191 50.0
1671.6528047651964 50.0
1671.0801515382736 50.0
1671.366478151735 50.0
1671.366478151735 50.0
1670.22117169789 50.0
1669.0758652440456 50.0
1666.7852523363588 50.0
1665.3536192690558 50.0
1664.7809660421349 50.0
1663.9219862017537 50.0
1663.3493329748333 50.0
1662.4903531344528 50.0
1661.3450466806128 50.0
1661.3450466806128 50.0
1660.1997402267732 50.0
1659.6270869998536 50.0
1659.0544337729343 50.0
1657.336474092177 50.0
1656.1911676383397 50.0
1655.6185144114213 50.0
1654.759534571044 50.0
1653.327901503749 50.0
1653.0415748902901 50.0
1653.6142281172079 50.0
1652.1825950499137 50.0
1651.6099418229962 50.0
1650.464635369162 50.0
1649.319328915328 50.0
1647.8876958480364 50.0
1647.8876958480364 50.0
1648.1740224614946 50.0
1648.1740224614946 50.0
1646.7423893942037 50.0
1645.3107563269139 50.0
1644.7381030999982 50.0
1644.7381030999982 50.0
1644.4517764865402 50.0
1643.0201434192518 50.0
1643.3064700327095 50.0
1643.592796646167 50.0
1643.3064700327095 50.0
1643.3064700327095 50.0
1644.1654498730825 50.0
1644.4517764865402 50.0
1643.4496333394382 50.0
1644.594939793269 50.0
1644.594939793269 50.0
1642.5906534990654 50.0
1642.4474901923365 50.0
1643.592796646167 50.0
1642.4474901923365 50.0
1639.5842240577626 50.0
1638.1525909904772 50.0
1636.7209579231921 50.0
1636.7209579231921 50.0
1635.0029982424514 50.0
1633.2850385617119 50.0
1632.9987119482553 50.0
1631.280752267517 50.0
1630.7080990406046 50.0
1629.2764659733239 50.0
1630.7080990406046 50.0
1630.135445813692 50.0
1629.56279258678 50.0
1628.4174861329557 50.0
1629.8491192002361 50.0
1629.2764659733239 50.0
1628.7038127464118 50.0
1628.7038127464118 50.0
1630.4217724271484 50.0
1627.558506292588 50.0
1627.272179679132 50.0
1626.4131998387647 50.0
1626.6995264522204 50.0
1625.267893384942 50.0
1623.263607090753 50.0
1622.9772804772977 50.0
1622.1183006369317 50.0
1621.8319740234765 50.0
1621.8319740234765 50.0
1621.2593207965658 50.0
1619.8276877292901 50.0
1618.68238127547 50.0
1617.5370748216503 50.0
1616.9644215947408 50.0
1616.6780949812858 50.0
1615.532788527467 50.0
1614.101155460194 50.0
1613.528502233285 50.0
1614.3874820736485 50.0
1613.8148288467396 50.0
1611.8105425525587 50.0
1611.5242159391044 50.0
1611.23788932565 50.0
1610.951562712196 50.0
1610.6652360987416 50.0
1609.233603031471 50.0
1609.233603031471 50.0
1607.229316737293 50.0
1606.942990123839 50.0
1606.942990123839 50.0
1605.7976836700236 50.0
1604.9387038296625 50.0
1604.366050602755 50.0
1604.366050602755 50.0
1603.507070762394 50.0
1603.507070762394 50.0
1602.934417535487 50.0
1603.2207441489406 50.0
1602.36176430858 50.0
1602.0754376951265 50.0
1601.5027844682197 50.0
1601.5027844682197 50.0
1600.6438046278595 50.0
1600.0711514009529 50.0
1600.0711514009529 50.0
1599.212171560593 50.0
1598.4963550269601 50.0
1598.4963550269601 50.0
1598.210028413507 50.0
1598.210028413507 50.0
1597.0647219596945 50.0
1597.3510485731476 50.0
1596.7783953462415 50.0
1596.348905426062 50.0
1594.9172723587972 50.0
1595.2035989722501 50.0
1593.9151292117124 50.0
1593.3424759848067 50.0
1591.338189690638 50.0
1589.9065566233753 50.0
1589.3339033964703 50.0
1588.0454336359346 50.0
1586.613800568673 50.0
1585.6116574215903 50.0
1584.4663509677819 50.0
1584.1800243543298 50.0
1583.8936977408775 50.0
1583.0347179005216 50.0
1583.0347179005216 50.0
1583.8936977408775 50.0
1583.8936977408775 50.0
1583.6073711274255 50.0
1583.3210445139734 50.0
1582.1757380601657 50.0
1581.8894114467137 50.0
1581.8894114467137 50.0
1581.3167582198098 50.0
1579.8851251525507 50.0
1579.598798539099 50.0
1579.8851251525507 50.0
1579.3124719256473 50.0
1578.453492085292 50.0
1577.8808388583889 50.0
1576.4492057911307 50.0
1576.162879177679 50.0
1575.5902259507761 50.0
1575.0175727238732 50.0
1574.4449194969702 50.0
1573.5859396566161 50.0
1573.2996130431648 50.0
1573.0132864297134 50.0
1571.2953267490057 50.0
1570.7226735221032 50.0
1569.5773670682984 50.0
1568.718387227945 50.0
1569.004713841396 50.0
1568.718387227945 50.0
1567.0004275472388 50.0
1566.714100933788 50.0
1566.714100933788 50.0
1566.1414477068859 50.0
1566.1414477068859 50.0
1566.1414477068859 50.0
1565.568794479984 50.0
1565.2824678665331 50.0
1565.2824678665331 50.0
1565.2824678665331 50.0
1565.2824678665331 50.0
1564.9961412530822 50.0
1564.9961412530822 50.0
1564.1371614127297 50.0
1563.8508347992788 50.0
1562.848691652201 50.0
1562.848691652201 50.0
1562.848691652201 50.0
1562.5623650387502 50.0
1561.1307319714967 50.0
1559.4127722907929 50.0
1558.8401190638917 50.0
1558.553792450441 50.0
1557.9811392235401 50.0
1557.6948126100895 50.0
1557.6948126100895 50.0
1557.1221593831885 50.0
1557.408485996639 50.0
1555.9768529293867 50.0
1555.4041997024858 50.0
1554.8315464755851 50.0
1553.3999134083335 50.0
1551.9682803410822 50.0
1552.2546069545324 50.0
1551.3956271141817 50.0
1550.536647273831 50.0
1549.9639940469308 50.0
1550.250320660381 50.0
1550.1071573536558 50.0
1549.5345041267556 50.0
1549.2481775133056 50.0
1549.5345041267556 50.0
1549.8208307402058 50.0
1548.6755242864053 50.0
1548.6755242864053 50.0
1548.6755242864053 50.0
1548.389197672955 50.0
1548.102871059505 50.0
1547.2438912191549 50.0
1546.5280746855299 50.0
1546.5280746855299 50.0
1545.9554214586299 50.0
1544.8101150048299 50.0
1543.6648085510303 50.0
1543.3784819375803 50.0
1543.0921553241303 50.0
1543.0921553241303 50.0
1542.5195020972308 50.0
1543.0921553241303 50.0
1542.2331754837808 50.0
1540.8015424165317 50.0
1540.6583791098067 50.0
1540.6583791098067 50.0
1540.2288891896321 50.0
1540.0857258829071 50.0
1539.083582735833 50.0
1538.6540928156585 50.0
1537.7951129753092 50.0
1538.081439588759 50.0
1537.7951129753092 50.0
1537.079296441685 50.0
1536.220316601336 50.0
1534.3591936139135 50.0
1533.213887160115 50.0
1532.7843972399407 50.0
1531.6390907861426 50.0
1530.780110945794 50.0
1530.0642944121703 50.0
1529.4916411852714 50.0
1528.632661344923 50.0
1527.057864970951 50.0
1526.6283750507769 50.0
1526.1988851306028 50.0
1524.767252063356 50.0
1525.0535786768053 50.0
1522.906129075935 50.0
1520.9018427817898 50.0
1519.7565363279928 50.0
1516.7501068867755 50.0
1515.7479637397032 50.0
1515.1753105128048 50.0
1514.745820592631 50.0
1514.1731673657325 50.0
1513.6005141388341 50.0
1513.0278609119357 50.0
1513.314187525385 50.0
1513.0278609119357 50.0
1512.8846976052112 50.0
1512.4552076850373 50.0
1511.5962278446898 50.0
1511.1667379245162 50.0
1511.7393911514146 50.0
1511.4530645379652 50.0
1511.5962278446898 50.0
1511.882554458139 50.0
1511.0235746177916 50.0
1511.0235746177916 50.0
1509.3056149370966 50.0
1509.878268163995 50.0
1509.878268163995 50.0
1509.7351048572702 50.0
1509.162451630372 50.0
1508.876125016923 50.0
1508.3034717900246 50.0
1506.4423488026052 50.0
1506.4423488026052 50.0
1505.869695575707 50.0
1505.2970423488086 50.0
1505.0107157353596 50.0
1504.1517358950123 50.0
1503.4359193613893 50.0
1503.1495927479402 50.0
1502.8632661344911 50.0
1502.8632661344911 50.0
1502.7201028277666 50.0
1502.290612907593 50.0
1502.7201028277666 50.0
1502.7201028277666 50.0
1502.0042862941439 50.0
1501.1453064537964 50.0
1500.0 50.0
1499.4273467731018 50.0
1498.5683669327543 50.0
1498.4252036260298 50.0
1497.8525503991316 50.0
1497.2798971722334 50.0
1496.134590718437 50.0
1495.2756108780895 50.0
1494.9892842646404 50.0
1494.4166310377423 50.0
1493.2713245839457 50.0
1492.4123447435982 50.0
1492.2691814368736 50.0
1491.6965282099754 50.0
1491.6965282099754 50.0
1490.2648951427298 50.0
1489.9785685292804 50.0
1489.2627519956577 50.0
1488.9764253822084 50.0
1488.6900987687593 50.0
1488.4037721553102 50.0
1487.8311189284118 50.0
1487.401629008238 50.0
1487.2584657015134 50.0
1486.9721390880643 50.0
1486.9721390880643 50.0
1487.2584657015134 50.0
1486.1131592477166 50.0
1485.1110161006445 50.0
1484.2520362602968 50.0
1484.2520362602968 50.0
1484.3951995670213 50.0
1484.3951995670213 50.0
1482.9635664997752 50.0
1481.531933432529 50.0
1479.3844838316595 50.0
1478.6686672980363 50.0
1477.523360844239 50.0
1475.805401163543 50.0
1475.232747936644 50.0
1474.9464213231947 50.0
1473.514788255948 50.0
1472.3694818021502 50.0
1471.7968285752513 50.0
1470.5083588147286 50.0
1468.9335624407565 50.0
1467.7882559869583 50.0
1467.2156027600593 50.0
1466.9292761466097 50.0
1466.3566229197106 50.0
1465.2113164659122 50.0
1464.0660100121136 50.0
1463.4933567852142 50.0
1462.3480503314156 50.0
1460.6300906507172 50.0
1460.2006007305426 50.0
1459.3416208901933 50.0
1458.196314436394 50.0
1458.053151129669 50.0
1457.3373345960445 50.0
1456.192028142245 50.0
1455.619374915345 50.0
1455.1898849951701 50.0
1453.6150886211951 50.0
1452.1834555539451 50.0
1451.610802327045 50.0
1451.75396563377 50.0
1451.75396563377 50.0
1451.1813124068697 50.0
1450.3223325665194 50.0
1449.0338628059935 50.0
1448.0317196589178 50.0
1446.0274333647658 50.0
1445.0252902176896 50.0
1443.5936571504376 50.0
1443.0210039235367 50.0
1442.162024083185 50.0
1441.446207549559 50.0
1440.5872277092071 50.0
1440.3009010957564 50.0
1440.014574482306 50.0
1439.4419212554046 50.0
1439.7282478688553 50.0
1439.155594641954 50.0
1438.5829414150526 50.0
1438.296614801602 50.0
1437.4376349612498 50.0
1437.151308347799 50.0
1436.5786551208973 50.0
1435.7196752805448 50.0
1434.5743688267414 50.0
1434.2880422132905 50.0
1433.7153889863887 50.0
1433.1427357594866 50.0
1433.1427357594866 50.0
1432.5700825325846 50.0
1432.5700825325846 50.0
1431.9974293056825 50.0
1431.9974293056825 50.0
1431.4247760787805 50.0
1430.8521228518782 50.0
1431.1384494653294 50.0
1430.8521228518782 50.0
1430.565796238427 50.0
1429.9931430115248 50.0
1428.84783655772 50.0
1428.561509944269 50.0
1427.702530103915 50.0
1427.4162034904637 50.0
1426.5572236501096 50.0
1426.4140603433839 50.0
1426.7003869568352 50.0
1426.2708970366582 50.0
1425.8414071164812 50.0
1425.5550805030298 50.0
1425.2687538895782 50.0
1424.9824272761268 50.0
1424.9824272761268 50.0
1423.5507942088693 50.0
1423.837120822321 50.0
1422.9781409819661 50.0
1423.5507942088693 50.0
1422.6918143685145 50.0
1422.6918143685145 50.0
1421.9759978348854 50.0
1421.8328345281595 50.0
1421.8328345281595 50.0
1421.1170179945304 50.0
1420.5443647676268 50.0
1419.8285482339975 50.0
1419.2558950070938 50.0
1418.6832417801902 50.0
1418.826405086916 50.0
1418.540078473464 50.0
1417.8242619398343 50.0
1417.6810986331084 50.0
1417.1084454062045 50.0
1416.9652820994784 50.0
1416.6789554860266 50.0
1415.9631389523963 50.0
1415.3904857254922 50.0
1415.6768123389443 50.0
1415.10415911204 50.0
1415.10415911204 50.0
1414.3883425784097 50.0
1414.3883425784097 50.0
1414.1020159649574 50.0
1413.8156893515052 50.0
1413.2430361246008 50.0
1412.9567095111486 50.0
1412.6703828976963 50.0
1412.5272195909702 50.0
1412.8135462044224 50.0
1412.5272195909702 50.0
1411.9545663640654 50.0
1411.668239750613 50.0
1411.9545663640654 50.0
1411.9545663640654 50.0
1411.0955865237083 50.0
1410.8092599102558 50.0
1410.5229332968033 50.0
1409.9502800698983 50.0
1409.8071167631722 50.0
1409.8071167631722 50.0
1409.3776268429933 50.0
1408.661810309362 50.0
1408.0891570824567 50.0
1407.6596671622776 50.0
1406.8006873219194 50.0
1405.0827276412028 50.0
1405.0827276412028 50.0
1404.223747800844 50.0
1403.937421187391 50.0
1403.078441347032 50.0
1401.9331348932196 50.0
1400.787828439407 50.0
1400.2151752125005 50.0
1399.9288485990471 50.0
1399.642521985594 50.0
1398.9267054519605 50.0
1398.640378838507 50.0
1398.0677256116003 50.0
1397.2087457712398 50.0
1396.9224191577862 50.0
1395.7771127039719 50.0
1395.2044594770643 50.0
1394.631806250157 50.0
1394.0591530232496 50.0
1393.4864997963418 50.0
1392.3411933425261 50.0
1391.7685401156182 50.0
1391.1958868887102 50.0
1390.9095602752561 50.0
1389.1916005945313 50.0
1387.903130833987 50.0
1387.187314300351 50.0
1386.6146610734422 50.0
1385.898844539806 50.0
1385.326191312897 50.0
1384.3240481658056 50.0
1384.3240481658056 50.0
1383.4650683254415 50.0
1383.4650683254415 50.0
1382.892415098532 50.0
1382.3197618716222 50.0
1382.0334352581674 50.0
1381.4607820312574 50.0
1381.1744554178026 50.0
1381.1744554178026 50.0
1379.170169123617 50.0
1378.8838425101617 50.0
1378.024862669796 50.0
1378.024862669796 50.0
1377.7385360563408 50.0
1376.8795562159746 50.0
1376.3069029890637 50.0
1375.7342497621526 50.0
1375.7342497621526 50.0
1375.447923148697 50.0
1375.1615965352416 50.0
1374.875269921786 50.0
1374.016290081419 50.0
1373.1573102410516 50.0
1373.1573102410516 50.0
1372.58465701414 50.0
1372.58465701414 50.0
1372.0120037872282 50.0
1371.4393505603164 50.0
1371.1530239468602 50.0
1370.8666973334043 50.0
1370.8666973334043 50.0
1370.007717493036 50.0
1369.1487376526675 50.0
1368.862411039211 50.0
1368.862411039211 50.0
1368.0034311988422 50.0
1367.4307779719293 50.0
1366.8581247450165 50.0
1367.144451358473 50.0
1366.2854715181033 50.0
1365.7128182911902 50.0
1365.4264916777336 50.0
1364.8538384508201 50.0
1364.8538384508201 50.0
1364.2811852239067 50.0
1363.99485861045 50.0
1363.1358787700794 50.0
1362.8495521566224 50.0
1362.5632255431656 50.0
1362.2768989297085 50.0
1361.9905723162515 50.0
1361.13159247588 50.0
1360.2726126355087 50.0
1358.840979568222 50.0
1357.9819997278496 50.0
1357.9819997278496 50.0
1357.695673114392 50.0
1355.9777134336464 50.0
1354.832406979815 50.0
1353.6871005259832 50.0
1353.6871005259832 50.0
1353.5439372192543 50.0
1352.68495737888 50.0
1352.68495737888 50.0
1351.8259775385054 50.0
1351.5396509250472 50.0
1351.2533243115888 50.0
1350.9669976981304 50.0
1350.3943444712138 50.0
1349.8216912442967 50.0
1348.962711403921 50.0
1348.1037315635451 50.0
1347.8174049500863 50.0
1346.9584251097099 50.0
1346.0994452693333 50.0
1345.8131186558742 50.0
1345.240465428956 50.0
1344.6678122020378 50.0
1344.3814855885787 50.0
1344.0951589751196 50.0
1342.9498525212823 50.0
1342.9498525212823 50.0
1342.090872680904 50.0
1341.8045460674446 50.0
1341.5182194539848 50.0
1340.6592396136061 50.0
1340.6592396136061 50.0
1340.5160763068761 50.0
1340.2297496934166 50.0
1339.9434230799568 50.0
1339.0844432395772 50.0
1339.0844432395772 50.0
1339.0844432395772 50.0
1339.370769853037 50.0
1339.370769853037 50.0
1338.5117900126575 50.0
1337.080156945357 50.0
1336.5075037184365 50.0
1335.934850491516 50.0
1334.7895440376744 50.0
1334.7895440376744 50.0
1333.6442375838324 50.0
1333.071584356911 50.0
1332.78525774345 50.0
1332.4989311299894 50.0
1332.2126045165287 50.0
1332.355767823259 50.0
1331.7831145963373 50.0
1331.4967879828764 50.0
1330.3514815290323 50.0
1329.77882830211 50.0
1329.2061750751877 50.0
1328.3471952348036 50.0
1327.4882153944193 50.0
1326.9155621674963 50.0
1324.3386226463404 50.0
1323.1933161924921 50.0
1323.1933161924921 50.0
1322.3343363521055 50.0
1321.761683125181 50.0
1320.6163766713312 50.0
1319.7573968309434 50.0
1319.4710702174807 50.0
1319.4710702174807 50.0
1317.7531105367038 50.0
1317.4667839232409 50.0
1316.894130696315 50.0
1315.7488242424622 50.0
1314.3171911751456 50.0
1312.8855581078274 50.0
1311.7402516539723 50.0
1310.0222919731884 50.0
1308.7338222125993 50.0
1308.447495599135 50.0
1307.5885157587416 50.0
1307.0158625318122 50.0
1306.7295359183477 50.0
1306.443209304883 50.0
1305.2979028510238 50.0
1304.4389230106287 50.0
1303.5799431702335 50.0
1303.007289943303 50.0
1302.148310102907 50.0
1301.003003649045 50.0
1299.5713705817163 50.0
1298.7123907413186 50.0
1298.4260641278527 50.0
1297.8534109009204 50.0
1296.9944310605217 50.0
1295.8491246066565 50.0
1295.5627979931899 50.0
1294.9901447662567 50.0
1293.558511698923 50.0
1293.2721850854562 50.0
1291.5542254046536 50.0
1289.8362657238495 50.0
1289.2636124969144 50.0
1288.690959269979 50.0
1287.2593262026398 50.0
1285.8276931352993 50.0
1284.6823866814261 50.0
1282.9644270006147 50.0
1282.1054471602083 50.0
1281.8191205467392 50.0
1280.673814092863 50.0
1279.5285076389862 50.0
1278.2400378783734 50.0
1277.667384651434 50.0
1277.3810580379645 50.0
1276.235751584085 50.0
1274.5177919032642 50.0
1273.086158835912 50.0
1272.5135056089707 50.0
1271.3681991550877 50.0
1270.2228927012036 50.0
1268.7912596338474 50.0
1267.932279793433 50.0
1267.6459531799615 50.0
1266.2143201126028 50.0
1265.3553402721868 50.0
1265.0690136587148 50.0
1264.4963604317704 50.0
1264.2100338182981 50.0
1262.778400750936 50.0
1261.919420910518 50.0
1260.487787843154 50.0
1259.9151346162078 50.0
1259.9151346162078 50.0
1260.2014612296807 50.0
1259.6288080027346 50.0
1258.7698281623148 50.0
1258.197174935368 50.0
1257.6245217084208 50.0
1257.0518684814735 50.0
1255.6202354141044 50.0
1255.3339088006303 50.0
1254.4749289602078 50.0
1253.615949119785 50.0
1252.4706426658868 50.0
1251.8979894389374 50.0
1251.4684995187254 50.0
1250.8958462917753 50.0
1249.4642132243998 50.0
1249.6073765311376 50.0
1250.1800297580878 50.0
1249.0347233041869 50.0
1248.7483966907116 50.0
1248.7483966907116 50.0
1248.1757434637605 50.0
1247.3167636233338 50.0
1247.030437009858 50.0
1247.030437009858 50.0
1246.4577837829063 50.0
1246.1714571694304 50.0
1245.3124773290021 50.0
1244.4534974885735 50.0
1243.8808442616207 50.0
1242.7355378077145 50.0
1241.7333946605459 50.0
1241.1607414335917 50.0
1240.8744148201147 50.0
1240.3017615931603 50.0
1240.3017615931603 50.0
1239.7291083662058 50.0
1239.7291083662058 50.0
1239.1564551392512 50.0
1238.583801912296 50.0
1238.8701285257735 50.0
1238.0111486853407 50.0
1237.4384954583852 50.0
1236.8658422314293 50.0
1236.5795156179513 50.0
1236.0068623909951 50.0
1235.720535777517 50.0
1235.4342091640387 50.0
1234.861555937082 50.0
1234.861555937082 50.0
1234.861555937082 50.0
1234.861555937082 50.0
1234.0025760966466 50.0
1233.4299228696893 50.0
1233.4299228696893 50.0
1232.8572696427318 50.0
1232.8572696427318 50.0
1231.998289802295 50.0
1232.1414531090343 50.0
1231.5687998820763 50.0
1231.5687998820763 50.0
1231.2824732685972 50.0
1231.2824732685972 50.0
1230.7098200416385 50.0
1230.9961466551179 50.0
1230.7098200416385 50.0
1230.7098200416385 50.0
1230.1371668146799 50.0
1230.566656734899 50.0
1230.7098200416385 50.0
1230.4234934281592 50.0
1230.4234934281592 50.0
1230.4234934281592 50.0
1229.8508402012003 50.0
1229.8508402012003 50.0
1229.8508402012003 50.0
1229.2781869742412 50.0
1228.9918603607614 50.0
1228.7055337472816 50.0
1228.7055337472816 50.0
1228.7055337472816 50.0
1228.4192071338018 50.0
1228.4192071338018 50.0
1227.846553906842 50.0
1227.273900679882 50.0
1227.703390600102 50.0
1227.703390600102 50.0
1227.417063986622 50.0
1227.130737373142 50.0
1227.130737373142 50.0
1226.8444107596617 50.0
1226.8444107596617 50.0
1226.8444107596617 50.0
1226.8444107596617 50.0
1226.8444107596617 50.0
1226.8444107596617 50.0
1226.5580841461815 50.0
1226.5580841461815 50.0
1226.5580841461815 50.0
1226.5580841461815 50.0
1226.5580841461815 50.0
1226.5580841461815 50.0
1226.7012474529217 50.0
1226.7012474529217 50.0
1226.7012474529217 50.0
1226.4149208394415 50.0
1226.4149208394415 50.0
1226.4149208394415 50.0
1226.128594225961 50.0
1226.128594225961 50.0
1226.128594225961 50.0
1226.128594225961 50.0
1226.128594225961 50.0
1226.128594225961 50.0
1226.128594225961 50.0
1226.128594225961 50.0
1226.128594225961 50.0
1226.128594225961 50.0
1226.128594225961 50.0
1226.128594225961 50.0
1226.128594225961 50.0
