L-SRTDE
1501.288469760521 50.0
1501.288469760521 50.0
1514.1731673657325 50.0
1425.6982438097555 50.0
1416.2494655658484 50.0
1425.1255905828525 50.0
1409.9502800698983 50.0
1387.903130833987 50.0
1399.3561953721405 50.0
1384.467211472533 50.0
1360.4157759422374 50.0
1372.1551670939562 50.0
1357.266183194206 50.0
1330.0651549155712 50.0
1344.0951589751196 50.0
1327.4882153944193 50.0
1315.462497628999 50.0
1304.5820863173612 50.0
1298.8555540480515 50.0
1301.718820182709 50.0
1297.7102475941874 50.0
1287.116162895906 50.0
1294.5606548460567 50.0
1286.2571830555016 50.0
1281.9622838534738 50.0
1289.1204491901806 50.0
1279.6716709457207 50.0
1274.8041185167344 50.0
1283.3939169208177 50.0
1280.8169773995978 50.0
1276.235751584085 50.0
1288.2614693497776 50.0
1291.6973887113872 50.0
1289.6931024171158 50.0
1296.5649411403224 50.0
1291.4110620979202 50.0
1282.8212636938802 50.0
1287.688816122842 50.0
1284.8255499881604 50.0
1289.4067758036483 50.0
1294.5606548460567 50.0
1296.5649411403224 50.0
1296.5649411403224 50.0
1305.4410661577563 50.0
1301.718820182709 50.0
1301.718820182709 50.0
1307.1590258385445 50.0
1305.727392771221 50.0
1305.4410661577563 50.0
1309.44963874626 50.0
1308.0180056789382 50.0
1308.8769855193314 50.0
1306.0137193846858 50.0
1311.4539250405085 50.0
1306.5863726116154 50.0
1308.3043322924027 50.0
1312.8855581078274 50.0
1313.1718847212912 50.0
1316.894130696315 50.0
1318.8984169905552 50.0
1320.0437234444062 50.0
1319.7573968309434 50.0
1326.6292355540345 50.0
1329.2061750751877 50.0
1328.3471952348036 50.0
1331.7831145963373 50.0
1332.9284210501805 50.0
1334.6463807309442 50.0
1340.9455662270657 50.0
1342.9498525212823 50.0
1344.6678122020378 50.0
1346.3857718827921 50.0
1348.3900581770038 50.0
1354.975570286544 50.0
1354.975570286544 50.0
1359.2704694884083 50.0
1359.2704694884083 50.0
1358.1251630345785 50.0
1362.706388849894 50.0
1363.8516953037215 50.0
1365.569654984462 50.0
1367.287614665201 50.0
1372.1551670939562 50.0
1371.0098606401323 50.0
1371.0098606401323 50.0
1376.163739682336 50.0
1375.3047598419694 50.0
1370.7235340266761 50.0
1375.8774130688803 50.0
1377.595372749613 50.0
1378.454352589979 50.0
1379.5996590437996 50.0
1381.603945337985 50.0
1383.3219050187142 50.0
1383.0355784052592 50.0
1385.898844539806 50.0
1384.467211472533 50.0
1388.1894574474413 50.0
1394.48864294343 50.0
1397.3519090779664 50.0
1395.3476227837914 50.0
1394.774969556884 50.0
1401.6468082797664 50.0
1403.651094573938 50.0
1401.3604816663133 50.0
1401.9331348932196 50.0
1405.0827276412028 50.0
1405.6553808681085 50.0
1403.937421187391 50.0
1404.7964010277499 50.0
1406.8006873219194 50.0
1406.8006873219194 50.0
1406.8006873219194 50.0
1412.2408929775177 50.0
1413.6725260447793 50.0
1413.9588526582313 50.0
1414.5315058851359 50.0
1416.2494655658484 50.0
1416.8221187927525 50.0
1419.9717115407234 50.0
1424.8392639694011 50.0
1423.693957515595 50.0
1428.84783655772 50.0
1431.4247760787805 50.0
1434.2880422132905 50.0
1434.0017155998396 50.0
1437.4376349612498 50.0
1443.4504938437124 50.0
1447.1727398185672 50.0
1450.3223325665194 50.0
1450.8949857934197 50.0
1450.6086591799694 50.0
1454.0445785413701 50.0
1457.7668245162192 50.0
1458.053151129669 50.0
1459.484784196918 50.0
1460.0574374238176 50.0
1461.4890704910665 50.0
1460.0574374238176 50.0
1462.6343769448654 50.0
1464.6386632390129 50.0
1464.3523366255633 50.0
1464.3523366255633 50.0
1469.792542281105 50.0
1470.365195508004 50.0
1469.219889054206 50.0
1469.792542281105 50.0
1472.3694818021502 50.0
1474.373768096296 50.0
1474.6600947097454 50.0
1475.232747936644 50.0
1477.523360844239 50.0
1477.523360844239 50.0
1478.9549939114854 50.0
1478.9549939114854 50.0
1480.1003003652827 50.0
1481.8182600459784 50.0
1483.822546340123 50.0
1485.8268326342675 50.0
1487.8311189284118 50.0
1490.4080584494543 50.0
1489.5490786091068 50.0
1489.835405222556 50.0
1492.126018130149 50.0
1495.2756108780895 50.0
1499.2841834663773 50.0
1498.9978568529282 50.0
1496.4209173318861 50.0
1500.1431633067245 50.0
1501.0021431470718 50.0
1505.0107157353596 50.0
1505.5833689622577 50.0
1507.0150020295034 50.0
1511.0235746177916 50.0
1512.4552076850373 50.0
1512.7415342984866 50.0
1512.4552076850373 50.0
1514.1731673657325 50.0
1513.0278609119357 50.0
1513.8868407522834 50.0
1515.3184738195293 50.0
1514.4594939791818 50.0
1514.745820592631 50.0
1514.4594939791818 50.0
1514.4594939791818 50.0
1516.4637802733262 50.0
1515.8911270464278 50.0
1517.322760113674 50.0
1519.0407197943696 50.0
1519.3270464078187 50.0
1522.476639155761 50.0
1523.6219456095585 50.0
1525.626231903704 50.0
1528.7758246516476 50.0
1530.207457718895 50.0
1529.9211311054455 50.0
1531.6390907861426 50.0
1530.780110945794 50.0
1532.7843972399407 50.0
1534.5023569206382 50.0
1535.6476633744367 50.0
1537.079296441685 50.0
1541.6605222568812 50.0
1541.946848870331 50.0
1544.8101150048299 50.0
1545.9554214586299 50.0
1546.2417480720799 50.0
1547.1007279124299 50.0
1547.6733811393299 50.0
1548.53236097968 50.0
1549.8208307402058 50.0
1550.1071573536558 50.0
1554.4020565554097 50.0
1552.6840968747078 50.0
1553.5430767150585 50.0
1554.8315464755851 50.0
1552.8272601814328 50.0
1554.5452198621347 50.0
1554.4020565554097 50.0
1555.8336896226615 50.0
1555.8336896226615 50.0
1555.8336896226615 50.0
1555.9768529293867 50.0
1559.8422622109688 50.0
1560.1285888244195 50.0
1561.703385198398 50.0
1561.1307319714967 50.0
1560.7012420513206 50.0
1561.4170585849474 50.0
1562.848691652201 50.0
1563.4213448791027 50.0
1563.8508347992788 50.0
1564.9961412530822 50.0
1567.4299174674154 50.0
1570.8658368288286 50.0
1571.2953267490057 50.0
1569.2910404548472 50.0
1569.5773670682984 50.0
1570.0068569884752 50.0
1570.0068569884752 50.0
1570.8658368288286 50.0
1571.438490055731 50.0
1572.4406332028107 50.0
1572.726959816262 50.0
1573.8722662700675 50.0
1576.4492057911307 50.0
1576.4492057911307 50.0
1575.8765525642277 50.0
1577.3081856314855 50.0
1577.8808388583889 50.0
1579.0261453121955 50.0
1580.4577783794543 50.0
1579.8851251525507 50.0
1581.6030848332618 50.0
1583.0347179005216 50.0
1583.6073711274255 50.0
1582.7483912870696 50.0
1583.0347179005216 50.0
1582.1757380601657 50.0
1581.8894114467137 50.0
1582.1757380601657 50.0
1582.7483912870696 50.0
1583.6073711274255 50.0
1583.3210445139734 50.0
1583.3210445139734 50.0
1583.3210445139734 50.0
1586.1843106484948 50.0
1585.039004194686 50.0
1586.4706372619469 50.0
1585.3253308081382 50.0
1586.1843106484948 50.0
1588.1885969426608 50.0
1589.047576783018 50.0
1588.1885969426608 50.0
1589.6202300099228 50.0
1589.6202300099228 50.0
1589.6202300099228 50.0
1590.1928832368278 50.0
1591.0518630771855 50.0
1590.4792098502803 50.0
1590.4792098502803 50.0
1591.767679610817 50.0
1593.1993126780806 50.0
1593.1993126780806 50.0
1593.771965904986 50.0
1594.9172723587972 50.0
1596.7783953462415 50.0
1597.0647219596945 50.0
1597.9237018000538 50.0
1598.782681640413 50.0
1600.357478014406 50.0
1600.6438046278595 50.0
1600.930131241313 50.0
1603.2207441489406 50.0
1603.507070762394 50.0
1603.7933973758477 50.0
1602.934417535487 50.0
1604.0797239893013 50.0
1604.9387038296625 50.0
1606.0840102834775 50.0
1606.3703368969313 50.0
1606.0840102834775 50.0
1607.229316737293 50.0
1608.6609498045627 50.0
1608.9472764180168 50.0
1609.519929644925 50.0
1610.951562712196 50.0
1610.951562712196 50.0
1610.951562712196 50.0
1610.951562712196 50.0
1611.8105425525587 50.0
1613.3853389265578 50.0
1613.3853389265578 50.0
1614.2443187669212 50.0
1614.5306453803757 50.0
1615.3896252207396 50.0
1616.5349316745585 50.0
1617.3939115149228 50.0
1618.396054662015 50.0
1621.2593207965658 50.0
1620.4003409562004 50.0
1620.1140143427451 50.0
1621.8319740234765 50.0
1621.8319740234765 50.0
1621.8319740234765 50.0
1621.2593207965658 50.0
1621.545647410021 50.0
1620.6866675696554 50.0
1622.1183006369317 50.0
1622.404627250387 50.0
1622.6909538638424 50.0
1622.9772804772977 50.0
1624.4089135445752 50.0
1624.6952401580306 50.0
1624.1225869311197 50.0
1624.4089135445752 50.0
1624.1225869311197 50.0
1625.5542199983975 50.0
1625.5542199983975 50.0
1626.4131998387647 50.0
1624.9815667714863 50.0
1625.8405466118534 50.0
1625.5542199983975 50.0
1626.126873225309 50.0
1625.267893384942 50.0
1623.5499337042086 50.0
1621.8319740234765 50.0
1622.6909538638424 50.0
1622.6909538638424 50.0
1623.263607090753 50.0
1624.6952401580306 50.0
1624.8384034647584 50.0
1624.9815667714863 50.0
1626.126873225309 50.0
1626.126873225309 50.0
1625.5542199983975 50.0
1625.5542199983975 50.0
1626.126873225309 50.0
1625.5542199983975 50.0
1626.126873225309 50.0
1626.6995264522204 50.0
1627.272179679132 50.0
1627.8448329060438 50.0
1628.7038127464118 50.0
1628.7038127464118 50.0
1629.56279258678 50.0
1629.8491192002361 50.0
1630.7080990406046 50.0
1631.5670788809734 50.0
1630.7080990406046 50.0
1630.135445813692 50.0
1629.8491192002361 50.0
1630.135445813692 50.0
1629.2764659733239 50.0
1628.4174861329557 50.0
1628.4174861329557 50.0
1627.558506292588 50.0
1628.9901393598677 50.0
1629.2764659733239 50.0
1628.7038127464118 50.0
1629.8491192002361 50.0
1631.5670788809734 50.0
1632.4260587213425 50.0
1632.139732107886 50.0
1632.4260587213425 50.0
1632.139732107886 50.0
1632.712385334799 50.0
1633.2850385617119 50.0
1633.2850385617119 50.0
1632.712385334799 50.0
1632.9987119482553 50.0
1633.5713651751682 50.0
1633.5713651751682 50.0
1634.430345015538 50.0
1635.5756514693649 50.0
1635.5756514693649 50.0
1636.4346313097353 50.0
1636.7209579231921 50.0
1635.5756514693649 50.0
1636.7209579231921 50.0
1637.86626437702 50.0
1637.579937763563 50.0
1637.007284536649 50.0
1637.007284536649 50.0
1636.7209579231921 50.0
1637.293611150106 50.0
1637.007284536649 50.0
1636.4346313097353 50.0
1636.7209579231921 50.0
1637.293611150106 50.0
1636.7209579231921 50.0
1637.007284536649 50.0
1637.007284536649 50.0
1636.7209579231921 50.0
1637.86626437702 50.0
1638.0094276837485 50.0
1637.4367744568344 50.0
1636.291468003007 50.0
1638.0094276837485 50.0
1637.7231010702915 50.0
1636.4346313097353 50.0
1634.1440184020814 50.0
1634.859834935723 50.0
1633.7145284818967 50.0
1633.7145284818967 50.0
1633.8576917886248 50.0
1635.0029982424514 50.0
1637.1504478433776 50.0
1637.4367744568344 50.0
1638.1525909904772 50.0
1638.1525909904772 50.0
1638.2957542972056 50.0
1639.87055067122 50.0
1642.304326885608 50.0
1645.4539196336427 50.0
1646.4560627807457 50.0
1648.3171857682237 50.0
1649.319328915328 50.0
1650.464635369162 50.0
1650.464635369162 50.0
1651.3236152095374 50.0
1650.8941252893496 50.0
1651.1804519028083 50.0
1651.7531051297256 50.0
1652.4689216633724 50.0
1652.7552482768313 50.0
1652.6120849701017 50.0
1653.4710648104783 50.0
1654.0437180373963 50.0
1654.3300446508554 50.0
1655.9048410248804 50.0
1656.0480043316102 50.0
1656.3343309450693 50.0
1655.9048410248804 50.0
1655.3321877979622 50.0
1654.759534571044 50.0
1655.9048410248804 50.0
1656.477494251799 50.0
1657.336474092177 50.0
1655.7616777181508 50.0
1656.477494251799 50.0
1656.7638208652584 50.0
1657.1933107854475 50.0
1657.1933107854475 50.0
1655.4753511046918 50.0
1655.6185144114213 50.0
1655.9048410248804 50.0
1656.477494251799 50.0
1657.0501474787177 50.0
1656.1911676383397 50.0
1655.0458611845029 50.0
1655.0458611845029 50.0
1654.0437180373963 50.0
1654.6163712643142 50.0
1654.1868813441258 50.0
1654.1868813441258 50.0
1653.4710648104783 50.0
1654.6163712643142 50.0
1655.1890244912324 50.0
1653.6142281172079 50.0
1652.6120849701017 50.0
1653.327901503749 50.0
1653.9005547306667 50.0
1653.327901503749 50.0
1653.0415748902901 50.0
1654.1868813441258 50.0
1653.7573914239374 50.0
1650.3214720624326 50.0
1650.464635369162 50.0
1651.1804519028083 50.0
1650.8941252893496 50.0
1651.1804519028083 50.0
1651.1804519028083 50.0
1650.607798675891 50.0
1650.035145448974 50.0
1648.4603490749528 50.0
1647.8876958480364 50.0
1648.4603490749528 50.0
1648.7466756884112 50.0
1649.6056555287862 50.0
1649.8919821422446 50.0
1649.6056555287862 50.0
1650.7509619826203 50.0
1650.7509619826203 50.0
1650.464635369162 50.0
1650.3214720624326 50.0
1650.8941252893496 50.0
1652.1825950499137 50.0
1652.0394317431842 50.0
1651.6099418229962 50.0
1651.1804519028083 50.0
1651.466778516267 50.0
1652.6120849701017 50.0
1653.1847381970194 50.0
1653.9005547306667 50.0
1654.6163712643142 50.0
1654.9026978777733 50.0
1655.9048410248804 50.0
1657.0501474787177 50.0
1657.4796373989068 50.0
1658.1954539325554 50.0
1658.4817805460152 50.0
1658.1954539325554 50.0
1657.7659640123663 50.0
1657.1933107854475 50.0
1658.6249438527448 50.0
1659.197597079664 50.0
1661.3450466806128 50.0
1661.7745366008025 50.0
1662.0608632142626 50.0
1663.4924962815635 50.0
1663.7788228950237 50.0
1664.065149508484 50.0
1664.3514761219442 50.0
1666.6420890296286 50.0
1666.928415643089 50.0
1667.21474225655 50.0
1668.0737220969322 50.0
1668.3600487103931 50.0
1667.7873954834713 50.0
1668.3600487103931 50.0
1668.932701937315 50.0
1669.219028550776 50.0
1669.7916817776982 50.0
1669.7916817776982 50.0
1669.7916817776982 50.0
1671.2233148450043 50.0
1671.9391313786577 50.0
1673.9434176728887 50.0
1672.941274525773 50.0
1673.2276011392346 50.0
1673.2276011392346 50.0
1672.7981112190423 50.0
1672.36862129885 50.0
1672.2254579921191 50.0
1673.0844378325037 50.0
1673.0844378325037 50.0
1674.3729075930812 50.0
1674.3729075930812 50.0
1674.3729075930812 50.0
1674.2297442863505 50.0
1675.3750507401978 50.0
1675.6613773536596 50.0
1675.9477039671217 50.0
1674.945560820005 50.0
1674.3729075930812 50.0
1674.0865809796196 50.0
1674.2297442863505 50.0
1674.945560820005 50.0
1674.8023975132742 50.0
1675.3750507401978 50.0
1675.088724126736 50.0
1675.9477039671217 50.0
1675.9477039671217 50.0
1676.0908672738528 50.0
1677.0930104209701 50.0
1677.9519902613567 50.0
1679.0972967152063 50.0
1680.2426031690566 50.0
1681.5310729296389 50.0
1681.9605628498332 50.0
1681.6742362363702 50.0
1682.1037261565648 50.0
1682.5332160767591 50.0
1682.5332160767591 50.0
1682.1037261565648 50.0
1682.5332160767591 50.0
1682.2468894632962 50.0
1682.6763793834905 50.0
1683.2490326104166 50.0
1683.2490326104166 50.0
1682.819542690222 50.0
1682.819542690222 50.0
1682.5332160767591 50.0
1683.821685837343 50.0
1683.6785225306112 50.0
1684.1080124508062 50.0
1684.8238289844644 50.0
1684.8238289844644 50.0
1684.8238289844644 50.0
1685.969135438318 50.0
1685.969135438318 50.0
1685.969135438318 50.0
1686.1122987450499 50.0
1684.966992291196 50.0
1685.5396455181228 50.0
1685.969135438318 50.0
1686.5417886652451 50.0
1687.1144418921726 50.0
1687.543931812368 50.0
1687.8302584258317 50.0
1688.1165850392956 50.0
1687.9734217325638 50.0
1688.4029116527595 50.0
1689.2618914931513 50.0
1689.5482181066154 50.0
1688.9755648796875 50.0
1689.8345447200795 50.0
1690.6935245604723 50.0
1690.55036125374 50.0
1690.55036125374 50.0
1689.9777080268116 50.0
1689.6913814133475 50.0
1688.8324015729554 50.0
1688.4029116527595 50.0
1688.6892382662234 50.0
1689.4050547998834 50.0
1689.8345447200795 50.0
1689.8345447200795 50.0
1689.8345447200795 50.0
1690.1208713335436 50.0
1690.836687867204 50.0
1690.6935245604723 50.0
1690.9798511739364 50.0
1691.1230144806686 50.0
1691.9819943210618 50.0
1692.4114842412584 50.0
1693.2704640816523 50.0
1695.1315870691735 50.0
1695.4179136826388 50.0
1695.4179136826388 50.0
1695.7042402961038 50.0
1695.5610769893713 50.0
1695.9905669095688 50.0
1696.563220136499 50.0
1697.7085265903604 50.0
1698.5675064307566 50.0
1699.4264862711534 50.0
1699.712812884619 50.0
1700.1423028048177 50.0
1701.8602624856135 50.0
1703.0055689394783 50.0
1703.5782221664108 50.0
1704.1508753933435 50.0
1705.4393451539433 50.0
1705.4393451539433 50.0
1708.159447981879 50.0
1708.7321012088134 50.0
1709.5910810492155 50.0
1710.7363875030856 50.0
1711.309040730021 50.0
1711.8816939569565 50.0
1713.0270004108281 50.0
1714.8881233983711 50.0
1715.7471032387766 50.0
1717.321899612854 50.0
1719.0398592936679 50.0
1720.4714923610138 50.0
1722.189452041831 50.0
1722.189452041831 50.0
1723.62108510918 50.0
1724.050575029385 50.0
1724.9095548697953 50.0
1726.6275145506174 50.0
1729.2044540718543 50.0
1730.6360871392098 50.0
1731.9245568998313 50.0
1733.4993532739254 50.0
1734.358333114341 50.0
1735.2173129547573 50.0
1736.0762927951741 50.0
1737.5079258625365 50.0
1738.3669057029547 50.0
1738.9395589299002 50.0
1738.6532323164274 50.0
1739.7985387703193 50.0
1741.2301718376852 50.0
1742.3754782915792 50.0
1742.6618049050528 50.0
1743.234458132 50.0
1744.0934379724217 50.0
1744.3797645858956 50.0
1745.238744426318 50.0
1745.381907733055 50.0
1745.9545609600036 50.0
1746.8135408004266 50.0
1746.8135408004266 50.0
1746.8135408004266 50.0
1747.6725206408505 50.0
1748.5315004812746 50.0
1749.1041537082247 50.0
1749.1041537082247 50.0
1749.6768069351747 50.0
1749.9631335486497 50.0
1750.5357867756002 50.0
1751.1084400025509 50.0
1751.3947666160261 50.0
1752.253746456453 50.0
1753.11272629688 50.0
1755.1170125912122 50.0
1756.2623190451175 50.0
1757.1212988855473 50.0
1757.4076254990239 50.0
1758.2666053394541 50.0
1759.6982384068397 50.0
1759.6982384068397 50.0
1759.8414017135783 50.0
1759.555075100101 50.0
1759.8414017135783 50.0
1759.2687484866237 50.0
1759.2687484866237 50.0
1759.8414017135783 50.0
1759.8414017135783 50.0
1760.4140549405329 50.0
1760.4140549405329 50.0
1761.2730347809652 50.0
1761.8456880079204 50.0
1762.275177928137 50.0
1763.2773210753096 50.0
1764.4226275292222 50.0
1764.136300915744 50.0
1764.136300915744 50.0
1764.4226275292222 50.0
1764.4226275292222 50.0
1764.5657908359613 50.0
1765.138444062918 50.0
1766.4269138235713 50.0
1766.71324043705 50.0
1768.001710197705 50.0
1768.1448735044446 50.0
1768.4312001179237 50.0
1768.8606900381424 50.0
1770.00599649206 50.0
1769.7196698785806 50.0
1769.7196698785806 50.0
1770.8649763324988 50.0
1770.8649763324988 50.0
1771.723956172938 50.0
1772.582936013378 50.0
1773.1555892403383 50.0
1773.4419158538185 50.0
1774.3008956942597 50.0
1774.58722230774 50.0
1774.8735489212206 50.0
1775.1598755347013 50.0
1775.446202148182 50.0
1775.7325287616627 50.0
1775.7325287616627 50.0
1775.8756920684032 50.0
1776.448345295365 50.0
1776.448345295365 50.0
1776.734671908846 50.0
1776.734671908846 50.0
1776.734671908846 50.0
1776.734671908846 50.0
1777.0209985223269 50.0
1777.0209985223269 50.0
1777.0209985223269 50.0
1777.1641618290676 50.0
1777.1641618290676 50.0
1777.1641618290676 50.0
1777.1641618290676 50.0
1777.4504884425487 50.0
1777.4504884425487 50.0
1777.1641618290676 50.0
1777.1641618290676 50.0
1777.4504884425487 50.0
1777.1641618290676 50.0
1777.1641618290676 50.0
1776.8778352155864 50.0
1776.8778352155864 50.0
1776.8778352155864 50.0
1776.8778352155864 50.0
1776.5915086021055 50.0
1776.5915086021055 50.0
1776.5915086021055 50.0
1776.5915086021055 50.0
1776.0188553751436 50.0
1776.3051819886246 50.0
1775.7325287616627 50.0
1775.7325287616627 50.0
1776.0188553751436 50.0
1776.0188553751436 50.0
1776.5915086021055 50.0
1776.5915086021055 50.0
1776.5915086021055 50.0
1777.4504884425487 50.0
1778.0231416695112 50.0
1777.8799783627705 50.0
1778.166304976252 50.0
1778.166304976252 50.0
1778.4526315897333 50.0
1778.4526315897333 50.0
1778.166304976252 50.0
1778.166304976252 50.0
1778.4526315897333 50.0
1778.4526315897333 50.0
1778.4526315897333 50.0
1778.4526315897333 50.0
1778.4526315897333 50.0
1777.8799783627705 50.0
1777.8799783627705 50.0
1778.7389582032147 50.0
1778.7389582032147 50.0
1778.7389582032147 50.0
1778.4526315897333 50.0
1778.4526315897333 50.0
1778.4526315897333 50.0
1778.7389582032147 50.0
1778.166304976252 50.0
1778.4526315897333 50.0
1778.4526315897333 50.0
1778.4526315897333 50.0
1778.4526315897333 50.0
1778.4526315897333 50.0
1778.166304976252 50.0
1778.166304976252 50.0
1778.4526315897333 50.0
1778.7389582032147 50.0
1778.4526315897333 50.0
1778.4526315897333 50.0
1778.166304976252 50.0
1778.166304976252 50.0
1778.7389582032147 50.0
1778.7389582032147 50.0
1779.311611430178 50.0
1779.8842646571413 50.0
1779.5979380436595 50.0
1779.8842646571413 50.0
1779.8842646571413 50.0
1779.8842646571413 50.0
1779.8842646571413 50.0
1779.5979380436595 50.0
1779.5979380436595 50.0
1779.5979380436595 50.0
1779.5979380436595 50.0
1779.8842646571413 50.0
1779.8842646571413 50.0
1779.8842646571413 50.0
1779.8842646571413 50.0
1780.170591270623 50.0
1780.170591270623 50.0
1780.170591270623 50.0
1780.170591270623 50.0
1779.5979380436595 50.0
1779.0252848166963 50.0
1778.7389582032147 50.0
1777.8799783627705 50.0
1777.4504884425487 50.0
1777.1641618290676 50.0
1777.4504884425487 50.0
1776.8778352155864 50.0
1776.5915086021055 50.0
1776.0188553751436 50.0
1775.7325287616627 50.0
1775.7325287616627 50.0
1775.446202148182 50.0
1775.1598755347013 50.0
1774.8735489212206 50.0
1774.8735489212206 50.0
1774.58722230774 50.0
1774.58722230774 50.0
1773.7282424672987 50.0
1773.7282424672987 50.0
1773.1555892403383 50.0
1772.296609399898 50.0
1772.010282786418 50.0
1771.723956172938 50.0
1771.4376295594582 50.0
1771.4376295594582 50.0
1771.4376295594582 50.0
1771.723956172938 50.0
1772.582936013378 50.0
1772.582936013378 50.0
1773.1555892403383 50.0
1772.582936013378 50.0
1773.1555892403383 50.0
1773.4419158538185 50.0
1773.4419158538185 50.0
1773.4419158538185 50.0
1773.1555892403383 50.0
1772.869262626858 50.0
1772.869262626858 50.0
1772.582936013378 50.0
1772.582936013378 50.0
1772.439772706638 50.0
1772.153446093158 50.0
1772.010282786418 50.0
1772.010282786418 50.0
1771.723956172938 50.0
1771.723956172938 50.0
1772.010282786418 50.0
1772.010282786418 50.0
1772.010282786418 50.0
1772.010282786418 50.0
1771.723956172938 50.0
1771.5807928661982 50.0
1770.7218130257588 50.0
1770.4354864122793 50.0
1769.8628331853201 50.0
1769.7196698785806 50.0
1770.00599649206 50.0
1770.2923231055395 50.0
1770.00599649206 50.0
1770.00599649206 50.0
1770.00599649206 50.0
1770.00599649206 50.0
1770.00599649206 50.0
1770.00599649206 50.0
1770.00599649206 50.0
1770.00599649206 50.0
1770.00599649206 50.0
1769.7196698785806 50.0
1770.00599649206 50.0
1771.1513029459784 50.0
1770.8649763324988 50.0
1770.8649763324988 50.0
1770.8649763324988 50.0
1770.8649763324988 50.0
1770.8649763324988 50.0
1770.578649719019 50.0
1770.2923231055395 50.0
1770.2923231055395 50.0
1770.2923231055395 50.0
1769.7196698785806 50.0
1769.7196698785806 50.0
1769.7196698785806 50.0
1769.433343265101 50.0
1769.7196698785806 50.0
1770.00599649206 50.0
1770.2923231055395 50.0
1770.00599649206 50.0
1770.00599649206 50.0
1770.00599649206 50.0
1770.00599649206 50.0
1770.00599649206 50.0
1769.5765065718408 50.0
1769.433343265101 50.0
1769.147016651622 50.0
1769.147016651622 50.0
1768.8606900381424 50.0
1768.8606900381424 50.0
1768.5743634246633 50.0
1768.5743634246633 50.0
1768.5743634246633 50.0
1768.001710197705 50.0
1768.001710197705 50.0
1767.715383584226 50.0
1767.429056970747 50.0
1767.2858936640077 50.0
1766.9995670505289 50.0
1766.4269138235713 50.0
1766.4269138235713 50.0
1766.4269138235713 50.0
1765.4247706763963 50.0
1764.8521174494394 50.0
1764.8521174494394 50.0
1765.138444062918 50.0
1764.5657908359613 50.0
1764.5657908359613 50.0
1764.5657908359613 50.0
1764.5657908359613 50.0
1764.279464222483 50.0
1764.279464222483 50.0
1763.9931376090049 50.0
1763.9931376090049 50.0
1763.7068109955267 50.0
1763.4204843820487 50.0
1762.8478311550925 50.0
1762.5615045416148 50.0
1762.5615045416148 50.0
1762.418341234876 50.0
1762.418341234876 50.0
1762.1320146213982 50.0
1762.1320146213982 50.0
1761.2730347809652 50.0
1760.7003815540102 50.0
1760.7003815540102 50.0
1760.4140549405329 50.0
1760.4140549405329 50.0
1760.4140549405329 50.0
1760.1277283270556 50.0
1759.8414017135783 50.0
1759.8414017135783 50.0
1759.555075100101 50.0
1759.555075100101 50.0
1759.555075100101 50.0
1759.2687484866237 50.0
1758.6960952596696 50.0
1758.6960952596696 50.0
