mLSAHDE-RL
1528.4894980381982 50.0
1541.3741956434312 50.0
1443.164167230262 50.0
1441.1598809361083 50.0
1409.0913002295408 50.0
1423.9802841290466 50.0
1392.198030035799 50.0
1394.774969556884 50.0
1399.642521985594 50.0
1377.595372749613 50.0
1381.603945337985 50.0
1373.873126774691 50.0
1383.0355784052592 50.0
1371.8688404805002 50.0
1387.6168042205327 50.0
1374.1594533881466 50.0
1385.0398646994422 50.0
1405.3690542546556 50.0
1392.198030035799 50.0
1403.078441347032 50.0
1392.770683262707 50.0
1405.9417074815613 50.0
1401.3604816663133 50.0
1409.0913002295408 50.0
1410.8092599102558 50.0
1408.232320389183 50.0
1412.2408929775177 50.0
1408.232320389183 50.0
1413.0998728178747 50.0
1407.6596671622776 50.0
1409.3776268429933 50.0
1412.5272195909702 50.0
1407.6596671622776 50.0
1411.668239750613 50.0
1407.373340548825 50.0
1408.5186470026356 50.0
1403.364767960485 50.0
1407.6596671622776 50.0
1407.0870139353724 50.0
1404.223747800844 50.0
1409.3776268429933 50.0
1403.937421187391 50.0
1403.651094573938 50.0
1400.5015018259537 50.0
1407.9459937757304 50.0
1414.2451792716836 50.0
1411.668239750613 50.0
1422.5486510617886 50.0
1416.5357921793004 50.0
1431.7111026922316 50.0
1438.8692680285033 50.0
1431.7111026922316 50.0
1440.014574482306 50.0
1432.5700825325846 50.0
1440.014574482306 50.0
1434.5743688267414 50.0
1438.296614801602 50.0
1438.5829414150526 50.0
1433.7153889863887 50.0
1437.4376349612498 50.0
1432.8564091460357 50.0
1434.8606954401923 50.0
1436.0060018939957 50.0
1434.0017155998396 50.0
1433.1427357594866 50.0
1431.7111026922316 50.0
1433.1427357594866 50.0
1434.0017155998396 50.0
1430.565796238427 50.0
1431.7111026922316 50.0
1428.2751833308175 50.0
1428.84783655772 50.0
1429.4204897846225 50.0
1426.2708970366582 50.0
1427.702530103915 50.0
1425.411917196304 50.0
1427.702530103915 50.0
1427.4162034904637 50.0
1424.5529373559496 50.0
1425.6982438097555 50.0
1420.5443647676268 50.0
1423.693957515595 50.0
1423.4076309021434 50.0
1420.8306913810786 50.0
1420.5443647676268 50.0
1419.6853849272716 50.0
1418.540078473464 50.0
1417.1084454062045 50.0
1415.10415911204 50.0
1415.3904857254922 50.0
1412.2408929775177 50.0
1411.9545663640654 50.0
1413.6725260447793 50.0
1411.0955865237083 50.0
1412.8135462044224 50.0
1417.1084454062045 50.0
1415.3904857254922 50.0
1415.9631389523963 50.0
1412.8135462044224 50.0
1415.9631389523963 50.0
1416.8221187927525 50.0
1414.817832498588 50.0
1417.1084454062045 50.0
1416.5357921793004 50.0
1418.2537518600122 50.0
1419.3990583138198 50.0
1418.2537518600122 50.0
1421.403344607982 50.0
1422.8349776752402 50.0
1421.6896712214339 50.0
1424.8392639694011 50.0
1422.5486510617886 50.0
1425.6982438097555 50.0
1426.843550263561 50.0
1426.2708970366582 50.0
1427.4162034904637 50.0
1425.9845704232068 50.0
1424.8392639694011 50.0
1429.1341631711714 50.0
1427.9888567173664 50.0
1429.4204897846225 50.0
1431.4247760787805 50.0
1428.561509944269 50.0
1430.565796238427 50.0
1431.9974293056825 50.0
1431.7111026922316 50.0
1431.4247760787805 50.0
1427.9888567173664 50.0
1429.1341631711714 50.0
1432.8564091460357 50.0
1429.7068163980737 50.0
1434.8606954401923 50.0
1438.8692680285033 50.0
1438.0102881881512 50.0
1441.446207549559 50.0
1444.5958002975142 50.0
1442.591514003361 50.0
1445.7411067513156 50.0
1446.0274333647658 50.0
1443.7368204571628 50.0
1444.5958002975142 50.0
1443.4504938437124 50.0
1446.0274333647658 50.0
1447.4590664320174 50.0
1446.6000865916665 50.0
1449.749679339619 50.0
1452.6129454741201 50.0
1451.46763902032 50.0
1452.8992720875701 50.0
1458.6258043565688 50.0
1457.1941712893195 50.0
1460.3437640372674 50.0
1462.6343769448654 50.0
1461.7753971045163 50.0
1463.779683398664 50.0
1465.4976430793618 50.0
1464.6386632390129 50.0
1467.2156027600593 50.0
1470.0788688945545 50.0
1469.219889054206 50.0
1473.8011148693972 50.0
1475.232747936644 50.0
1473.514788255948 50.0
1475.5190745500936 50.0
1478.382340684587 50.0
1476.0917277769922 50.0
1476.0917277769922 50.0
1475.805401163543 50.0
1475.232747936644 50.0
1476.9507076173402 50.0
1476.6643810038909 50.0
1473.514788255948 50.0
1475.5190745500936 50.0
1477.2370342307897 50.0
1475.805401163543 50.0
1477.2370342307897 50.0
1478.0960140711377 50.0
1478.0960140711377 50.0
1478.0960140711377 50.0
1479.527647138384 50.0
1478.0960140711377 50.0
1478.382340684587 50.0
1478.0960140711377 50.0
1476.9507076173402 50.0
1476.3780543904415 50.0
1476.6643810038909 50.0
1475.5190745500936 50.0
1475.805401163543 50.0
1474.9464213231947 50.0
1474.6600947097454 50.0
1473.8011148693972 50.0
1472.6558084155995 50.0
1471.5105019618018 50.0
1470.6515221214534 50.0
1470.6515221214534 50.0
1469.792542281105 50.0
1470.0788688945545 50.0
1470.365195508004 50.0
1469.792542281105 50.0
1468.647235827307 50.0
1468.647235827307 50.0
1468.9335624407565 50.0
1468.074582600408 50.0
1466.9292761466097 50.0
1466.070296306261 50.0
1466.070296306261 50.0
1466.070296306261 50.0
1466.6429495331602 50.0
1465.4976430793618 50.0
1465.2113164659122 50.0
1464.3523366255633 50.0
1463.779683398664 50.0
1463.2070301717647 50.0
1463.2070301717647 50.0
1463.4933567852142 50.0
1463.2070301717647 50.0
1463.779683398664 50.0
1464.0660100121136 50.0
1463.4933567852142 50.0
1463.4933567852142 50.0
1463.2070301717647 50.0
1462.6343769448654 50.0
1462.3480503314156 50.0
1462.0617237179658 50.0
1460.916417264167 50.0
1460.916417264167 50.0
1460.6300906507172 50.0
1460.6300906507172 50.0
1460.916417264167 50.0
1460.6300906507172 50.0
1460.3437640372674 50.0
1459.7711108103679 50.0
1458.9121309700186 50.0
1457.7668245162192 50.0
1456.9078446758697 50.0
1457.4804979027692 50.0
1457.4804979027692 50.0
1457.4804979027692 50.0
1456.3351914489697 50.0
1456.6215180624197 50.0
1455.76253822207 50.0
1456.04886483552 50.0
1455.1898849951701 50.0
1454.3309051548201 50.0
1453.4719253144701 50.0
1452.8992720875701 50.0
1453.0424353942951 50.0
1452.4697821673951 50.0
1451.897128940495 50.0
1452.7561087808451 50.0
1452.1834555539451 50.0
1451.897128940495 50.0
1451.3244757135947 50.0
1449.606516032894 50.0
1448.7475361925435 50.0
1448.7475361925435 50.0
1448.6043728858183 50.0
1448.318046272368 50.0
1448.0317196589178 50.0
1446.6000865916665 50.0
1446.886413205117 50.0
1446.0274333647658 50.0
1445.1684535244149 50.0
1444.8821269109644 50.0
1444.8821269109644 50.0
1443.7368204571628 50.0
1441.7325341630094 50.0
1440.8735543226576 50.0
1439.4419212554046 50.0
1438.8692680285033 50.0
1438.8692680285033 50.0
1438.5829414150526 50.0
1438.0102881881512 50.0
1438.296614801602 50.0
1438.0102881881512 50.0
1437.7239615747005 50.0
1437.151308347799 50.0
1437.151308347799 50.0
1437.151308347799 50.0
1437.580798267975 50.0
1437.2944716545244 50.0
1437.2944716545244 50.0
1437.580798267975 50.0
1436.8649817343482 50.0
1436.5786551208973 50.0
1437.151308347799 50.0
1436.7218184276228 50.0
1436.2923285074467 50.0
1435.4333486670942 50.0
1435.1470220536432 50.0
1435.5765119738196 50.0
1435.5765119738196 50.0
1436.1491652007212 50.0
1435.8628385872703 50.0
1435.8628385872703 50.0
1435.1470220536432 50.0
1435.7196752805448 50.0
1435.4333486670942 50.0
1434.8606954401923 50.0
1435.1470220536432 50.0
1435.1470220536432 50.0
1435.1470220536432 50.0
1434.0017155998396 50.0
1432.5700825325846 50.0
1431.7111026922316 50.0
1430.8521228518782 50.0
1429.9931430115248 50.0
1429.9931430115248 50.0
1429.7068163980737 50.0
1429.2773264778968 50.0
1429.8499797047994 50.0
1429.563653091348 50.0
1428.9909998644457 50.0
1428.9909998644457 50.0
1429.563653091348 50.0
1429.2773264778968 50.0
1428.1320200240918 50.0
1427.8456934106407 50.0
1427.273040183738 50.0
1426.7003869568352 50.0
1426.7003869568352 50.0
1427.273040183738 50.0
1427.8456934106407 50.0
1427.5593667971893 50.0
1426.9867135702866 50.0
1426.9867135702866 50.0
1426.1277337299325 50.0
1426.1277337299325 50.0
1425.2687538895782 50.0
1424.6961006626755 50.0
1423.2644675954177 50.0
1422.6918143685145 50.0
1422.6918143685145 50.0
1423.2644675954177 50.0
1422.9781409819661 50.0
1422.1191611416111 50.0
1421.8328345281595 50.0
1420.6875280743527 50.0
1420.1148748474493 50.0
1419.8285482339975 50.0
1419.5422216205457 50.0
1418.969568393642 50.0
1418.3969151667382 50.0
1418.1105885532863 50.0
1418.1105885532863 50.0
1417.8242619398343 50.0
1416.9652820994784 50.0
1416.6789554860266 50.0
1417.2516087129304 50.0
1416.6789554860266 50.0
1415.247322418766 50.0
1415.5336490322181 50.0
1416.9652820994784 50.0
1416.6789554860266 50.0
1415.8199756456702 50.0
1415.8199756456702 50.0
1415.247322418766 50.0
1415.8199756456702 50.0
1416.1063022591225 50.0
1414.960995805314 50.0
1414.6746691918618 50.0
1414.6746691918618 50.0
1413.8156893515052 50.0
1413.2430361246008 50.0
1412.9567095111486 50.0
1413.5293627380531 50.0
1413.5293627380531 50.0
1413.5293627380531 50.0
1412.9567095111486 50.0
1412.384056284244 50.0
1412.0977296707915 50.0
1412.0977296707915 50.0
1412.0977296707915 50.0
1411.2387498304345 50.0
1410.952423216982 50.0
1411.525076443887 50.0
1411.2387498304345 50.0
1410.3797699900772 50.0
1409.8071167631722 50.0
1409.2344635362672 50.0
1408.9481369228145 50.0
1409.5207901497197 50.0
1409.8071167631722 50.0
1409.2344635362672 50.0
1409.8071167631722 50.0
1410.0934433766247 50.0
1410.0934433766247 50.0
1409.8071167631722 50.0
1410.0934433766247 50.0
1410.0934433766247 50.0
1410.0934433766247 50.0
1409.5207901497197 50.0
1409.8071167631722 50.0
1410.0934433766247 50.0
1409.8071167631722 50.0
1409.5207901497197 50.0
1408.9481369228145 50.0
1408.8049736160883 50.0
1408.8049736160883 50.0
1408.232320389183 50.0
1408.232320389183 50.0
1408.0891570824567 50.0
1408.3754836959092 50.0
1408.3754836959092 50.0
1408.0891570824567 50.0
1408.3754836959092 50.0
1408.9481369228145 50.0
1408.3754836959092 50.0
1408.5186470026356 50.0
1408.5186470026356 50.0
1408.9481369228145 50.0
1408.8049736160883 50.0
1408.8049736160883 50.0
1408.8049736160883 50.0
1408.8049736160883 50.0
1408.661810309362 50.0
1408.3754836959092 50.0
1409.5207901497197 50.0
1409.0913002295408 50.0
1409.3776268429933 50.0
1409.0913002295408 50.0
1409.9502800698983 50.0
1409.9502800698983 50.0
1409.2344635362672 50.0
1409.0913002295408 50.0
1408.5186470026356 50.0
1408.232320389183 50.0
1408.232320389183 50.0
1408.5186470026356 50.0
1408.5186470026356 50.0
1408.8049736160883 50.0
1408.5186470026356 50.0
1408.8049736160883 50.0
1408.8049736160883 50.0
1408.8049736160883 50.0
1409.0913002295408 50.0
1409.0913002295408 50.0
1409.0913002295408 50.0
1409.3776268429933 50.0
1409.0913002295408 50.0
1409.0913002295408 50.0
1408.232320389183 50.0
1407.6596671622776 50.0
1408.232320389183 50.0
1408.5186470026356 50.0
1408.8049736160883 50.0
1410.5229332968033 50.0
1410.8092599102558 50.0
1411.525076443887 50.0
1411.525076443887 50.0
1411.525076443887 50.0
1411.2387498304345 50.0
1411.525076443887 50.0
1411.525076443887 50.0
1411.8114030573392 50.0
1411.8114030573392 50.0
1411.8114030573392 50.0
1411.3819131371606 50.0
1410.8092599102558 50.0
1410.2366066833508 50.0
1410.2366066833508 50.0
1410.2366066833508 50.0
1410.5229332968033 50.0
1410.3797699900772 50.0
1410.6660966035297 50.0
1411.2387498304345 50.0
1410.952423216982 50.0
1411.525076443887 50.0
1411.525076443887 50.0
1411.525076443887 50.0
1411.2387498304345 50.0
1411.2387498304345 50.0
1410.6660966035297 50.0
1410.3797699900772 50.0
1410.0934433766247 50.0
1410.3797699900772 50.0
1410.3797699900772 50.0
1410.3797699900772 50.0
1410.0934433766247 50.0
1409.8071167631722 50.0
1410.0934433766247 50.0
1410.6660966035297 50.0
1410.952423216982 50.0
1410.6660966035297 50.0
1410.0934433766247 50.0
1409.5207901497197 50.0
1409.8071167631722 50.0
1409.2344635362672 50.0
1409.2344635362672 50.0
1409.5207901497197 50.0
1409.5207901497197 50.0
1409.2344635362672 50.0
1409.5207901497197 50.0
1409.5207901497197 50.0
1411.2387498304345 50.0
1410.952423216982 50.0
1411.2387498304345 50.0
1411.525076443887 50.0
1412.0977296707915 50.0
1411.8114030573392 50.0
1412.384056284244 50.0
1412.384056284244 50.0
1411.2387498304345 50.0
1410.952423216982 50.0
1411.8114030573392 50.0
1412.0977296707915 50.0
1412.0977296707915 50.0
1411.8114030573392 50.0
1411.8114030573392 50.0
1411.8114030573392 50.0
1412.0977296707915 50.0
1412.0977296707915 50.0
1411.8114030573392 50.0
1411.8114030573392 50.0
1411.8114030573392 50.0
1412.9567095111486 50.0
1413.5293627380531 50.0
1413.2430361246008 50.0
1413.8156893515052 50.0
1414.1020159649574 50.0
1414.6746691918618 50.0
1414.960995805314 50.0
1415.5336490322181 50.0
1415.5336490322181 50.0
1416.3926288725745 50.0
1416.6789554860266 50.0
1417.8242619398343 50.0
1418.1105885532863 50.0
1418.3969151667382 50.0
1418.6832417801902 50.0
1418.6832417801902 50.0
1418.969568393642 50.0
1419.2558950070938 50.0
1419.5422216205457 50.0
1419.8285482339975 50.0
1419.5422216205457 50.0
1418.969568393642 50.0
1420.1148748474493 50.0
1420.1148748474493 50.0
1420.9738546878045 50.0
1421.546507914708 50.0
1421.2601813012561 50.0
1420.6875280743527 50.0
1421.8328345281595 50.0
1421.8328345281595 50.0
1421.2601813012561 50.0
1421.9759978348854 50.0
1422.5486510617886 50.0
1422.262324448337 50.0
1423.4076309021434 50.0
1423.5507942088693 50.0
1423.5507942088693 50.0
1424.6961006626755 50.0
1424.4097740492239 50.0
1424.1234474357723 50.0
1425.6982438097555 50.0
1426.9867135702866 50.0
1427.4162034904637 50.0
1426.843550263561 50.0
1426.9867135702866 50.0
1427.273040183738 50.0
1427.1298768770123 50.0
1427.5593667971893 50.0
1426.9867135702866 50.0
1428.4183466375432 50.0
1428.561509944269 50.0
1429.7068163980737 50.0
1430.4226329317016 50.0
1431.7111026922316 50.0
1432.2837559191337 50.0
1431.9974293056825 50.0
1433.7153889863887 50.0
1434.0017155998396 50.0
1434.8606954401923 50.0
1435.0038587469178 50.0
1435.2901853603687 50.0
1435.5765119738196 50.0
1436.0060018939957 50.0
1437.151308347799 50.0
1436.8649817343482 50.0
1438.0102881881512 50.0
1438.0102881881512 50.0
1438.0102881881512 50.0
1438.0102881881512 50.0
1438.5829414150526 50.0
1439.0124313352287 50.0
1438.4397781083273 50.0
1439.0124313352287 50.0
1439.2987579486794 50.0
1438.1534514948767 50.0
1438.4397781083273 50.0
1440.014574482306 50.0
1440.3009010957564 50.0
1440.7303910159324 50.0
1441.016717629383 50.0
1441.1598809361083 50.0
1441.446207549559 50.0
1443.0210039235367 50.0
1443.0210039235367 50.0
1444.452636990789 50.0
1443.879983763888 50.0
1444.452636990789 50.0
1444.5958002975142 50.0
1445.0252902176896 50.0
1446.6000865916665 50.0
1446.7432498983917 50.0
1446.886413205117 50.0
1447.7453930454676 50.0
1447.8885563521928 50.0
1448.7475361925435 50.0
1450.7518224866944 50.0
1450.1791692597942 50.0
1450.6086591799694 50.0
1450.7518224866944 50.0
1450.7518224866944 50.0
1451.0381491001447 50.0
1452.6129454741201 50.0
1452.7561087808451 50.0
1452.4697821673951 50.0
1453.0424353942951 50.0
1453.6150886211951 50.0
1454.0445785413701 50.0
1454.3309051548201 50.0
1455.47621160862 50.0
1455.47621160862 50.0
1456.04886483552 50.0
1455.47621160862 50.0
1454.9035583817201 50.0
1454.9035583817201 50.0
1454.3309051548201 50.0
1455.1898849951701 50.0
1454.9035583817201 50.0
1456.3351914489697 50.0
1456.6215180624197 50.0
1455.76253822207 50.0
1455.1898849951701 50.0
1455.47621160862 50.0
1454.9035583817201 50.0
1455.3330483018951 50.0
1455.619374915345 50.0
1455.619374915345 50.0
1455.3330483018951 50.0
1455.76253822207 50.0
1455.1898849951701 50.0
1455.1898849951701 50.0
1454.6172317682701 50.0
1454.6172317682701 50.0
1454.3309051548201 50.0
1454.3309051548201 50.0
1454.6172317682701 50.0
1454.0445785413701 50.0
1453.1855987010201 50.0
1453.1855987010201 50.0
1452.3266188606701 50.0
1452.04029224722 50.0
1452.04029224722 50.0
1452.3266188606701 50.0
1451.897128940495 50.0
1451.610802327045 50.0
1451.46763902032 50.0
1451.1813124068697 50.0
1451.1813124068697 50.0
1451.75396563377 50.0
1452.4697821673951 50.0
1452.7561087808451 50.0
1452.8992720875701 50.0
1452.3266188606701 50.0
1452.3266188606701 50.0
1452.6129454741201 50.0
1452.8992720875701 50.0
1452.8992720875701 50.0
1452.6129454741201 50.0
1452.8992720875701 50.0
1453.1855987010201 50.0
1453.1855987010201 50.0
1452.6129454741201 50.0
1453.3287620077451 50.0
1454.0445785413701 50.0
1453.7582519279201 50.0
1454.0445785413701 50.0
1454.0445785413701 50.0
1453.7582519279201 50.0
1454.6172317682701 50.0
1454.6172317682701 50.0
1454.6172317682701 50.0
1454.6172317682701 50.0
1455.905701528795 50.0
1456.6215180624197 50.0
1456.6215180624197 50.0
1455.619374915345 50.0
1455.619374915345 50.0
1456.04886483552 50.0
1455.47621160862 50.0
1455.905701528795 50.0
1455.3330483018951 50.0
1455.619374915345 50.0
1455.905701528795 50.0
1455.905701528795 50.0
1455.3330483018951 50.0
1455.3330483018951 50.0
1455.3330483018951 50.0
1455.619374915345 50.0
1455.905701528795 50.0
1455.905701528795 50.0
1455.619374915345 50.0
1455.905701528795 50.0
1456.192028142245 50.0
1455.0467216884451 50.0
1454.7603950749951 50.0
1454.7603950749951 50.0
1455.0467216884451 50.0
1455.0467216884451 50.0
1454.7603950749951 50.0
1455.0467216884451 50.0
1455.0467216884451 50.0
1454.7603950749951 50.0
1455.76253822207 50.0
1455.76253822207 50.0
1455.76253822207 50.0
1455.76253822207 50.0
1456.04886483552 50.0
1456.04886483552 50.0
1456.6215180624197 50.0
1456.6215180624197 50.0
1456.6215180624197 50.0
1456.3351914489697 50.0
1456.3351914489697 50.0
1457.0510079825945 50.0
1457.0510079825945 50.0
1457.0510079825945 50.0
1457.0510079825945 50.0
1457.909987822944 50.0
1458.196314436394 50.0
1458.196314436394 50.0
1457.909987822944 50.0
1457.6236612094942 50.0
1458.6258043565688 50.0
1459.1984575834683 50.0
1459.484784196918 50.0
1460.2006007305426 50.0
1461.0595805708917 50.0
1461.0595805708917 50.0
1461.0595805708917 50.0
1460.7732539574422 50.0
1460.2006007305426 50.0
1460.2006007305426 50.0
1460.4869273439924 50.0
1460.2006007305426 50.0
1460.4869273439924 50.0
1460.2006007305426 50.0
1460.916417264167 50.0
1461.7753971045163 50.0
1461.7753971045163 50.0
1461.4890704910665 50.0
1461.4890704910665 50.0
1461.4890704910665 50.0
1461.4890704910665 50.0
1461.7753971045163 50.0
1463.0638668650397 50.0
1463.3501934784895 50.0
1463.6365200919392 50.0
1463.6365200919392 50.0
1463.6365200919392 50.0
1464.495499932288 50.0
1464.2091733188386 50.0
1464.495499932288 50.0
1465.0681531591874 50.0
1464.7818265457377 50.0
1465.2113164659122 50.0
1465.4976430793618 50.0
1465.4976430793618 50.0
1465.7839696928113 50.0
1466.3566229197106 50.0
1466.3566229197106 50.0
1466.9292761466097 50.0
1466.9292761466097 50.0
1466.9292761466097 50.0
1467.2156027600593 50.0
1466.9292761466097 50.0
1467.2156027600593 50.0
1467.2156027600593 50.0
1467.7882559869583 50.0
1467.7882559869583 50.0
1467.7882559869583 50.0
1468.074582600408 50.0
1468.074582600408 50.0
1468.3609092138574 50.0
1469.5062156676554 50.0
1470.0788688945545 50.0
1470.937848734903 50.0
1470.937848734903 50.0
1470.937848734903 50.0
1471.5105019618018 50.0
1472.942135029049 50.0
1473.514788255948 50.0
1473.514788255948 50.0
1473.8011148693972 50.0
1473.8011148693972 50.0
1474.0874414828465 50.0
1474.0874414828465 50.0
1474.0874414828465 50.0
1474.6600947097454 50.0
1474.6600947097454 50.0
1474.9464213231947 50.0
1475.232747936644 50.0
1474.9464213231947 50.0
1474.9464213231947 50.0
1475.232747936644 50.0
1474.9464213231947 50.0
1474.9464213231947 50.0
1474.9464213231947 50.0
1474.9464213231947 50.0
1475.5190745500936 50.0
1475.805401163543 50.0
1475.805401163543 50.0
1476.0917277769922 50.0
1476.6643810038909 50.0
1476.6643810038909 50.0
1476.9507076173402 50.0
1477.8096874576884 50.0
1478.6686672980363 50.0
1478.6686672980363 50.0
1478.6686672980363 50.0
1478.6686672980363 50.0
1478.382340684587 50.0
1478.382340684587 50.0
1478.6686672980363 50.0
1478.9549939114854 50.0
1479.527647138384 50.0
1480.1003003652827 50.0
1480.386626978732 50.0
1480.6729535921813 50.0
1480.9592802056304 50.0
1480.9592802056304 50.0
1481.8182600459784 50.0
1481.8182600459784 50.0
1481.8182600459784 50.0
1481.531933432529 50.0
1481.8182600459784 50.0
1481.531933432529 50.0
1481.531933432529 50.0
1481.531933432529 50.0
1481.531933432529 50.0
1481.531933432529 50.0
1481.8182600459784 50.0
1481.8182600459784 50.0
1482.1045866594275 50.0
1482.9635664997752 50.0
1483.5362197266738 50.0
1484.1088729535722 50.0
1486.3994858611659 50.0
1488.9764253822084 50.0
1489.835405222556 50.0
1490.9807116763525 50.0
1492.9849979704966 50.0
1495.2756108780895 50.0
1496.7072439453352 50.0
1501.0021431470718 50.0
1503.2927560546648 50.0
1505.0107157353596 50.0
1505.2970423488086 50.0
1507.5876552564018 50.0
1509.3056149370966 50.0
1512.4552076850373 50.0
1514.1731673657325 50.0
1516.177453659877 50.0
1517.322760113674 50.0
1518.7543931809203 50.0
1518.7543931809203 50.0
1518.468066567471 50.0
1518.7543931809203 50.0
1519.613373021268 50.0
1521.0450060885146 50.0
1521.617659315413 50.0
1522.1903125423116 50.0
1524.767252063356 50.0
1525.9125585171535 50.0
1525.9125585171535 50.0
1526.7715383575016 50.0
1527.3441915844005 50.0
1527.057864970951 50.0
1527.6305181978498 50.0
1529.062151265097 50.0
1529.062151265097 50.0
1528.7758246516476 50.0
1530.207457718895 50.0
1531.0664375592435 50.0
1531.925417399592 50.0
1532.2117440130417 50.0
1532.4980706264912 50.0
1533.3570504668398 50.0
1533.6433770802894 50.0
1533.6433770802894 50.0
1534.2160303071887 50.0
1535.0750101475373 50.0
1535.0750101475373 50.0
1535.0750101475373 50.0
1535.3613367609871 50.0
1535.3613367609871 50.0
1535.6476633744367 50.0
1535.3613367609871 50.0
1535.3613367609871 50.0
1535.6476633744367 50.0
1535.9339899878864 50.0
1536.220316601336 50.0
1537.3656230551346 50.0
1537.3656230551346 50.0
1538.7972561223833 50.0
1538.6540928156585 50.0
1538.6540928156585 50.0
1538.6540928156585 50.0
1539.2267460425578 50.0
1539.2267460425578 50.0
1539.2267460425578 50.0
1538.9404194291083 50.0
1539.2267460425578 50.0
1538.9404194291083 50.0
1538.9404194291083 50.0
1539.2267460425578 50.0
1539.2267460425578 50.0
1539.7993992694574 50.0
1539.7993992694574 50.0
1541.2310323367064 50.0
1540.9447057232567 50.0
1540.9447057232567 50.0
1540.0857258829071 50.0
1540.372052496357 50.0
1540.6583791098067 50.0
1540.372052496357 50.0
1540.372052496357 50.0
1540.6583791098067 50.0
1540.6583791098067 50.0
1540.6583791098067 50.0
1540.6583791098067 50.0
1542.090012177056 50.0
1542.090012177056 50.0
1542.090012177056 50.0
1542.6626654039555 50.0
1542.3763387905058 50.0
1542.6626654039555 50.0
1542.9489920174055 50.0
1542.9489920174055 50.0
1543.2353186308553 50.0
1543.807971857755 50.0
1543.807971857755 50.0
1543.807971857755 50.0
1544.380625084655 50.0
1544.380625084655 50.0
1544.380625084655 50.0
1544.380625084655 50.0
1544.6669516981049 50.0
1545.2396049250049 50.0
1544.6669516981049 50.0
1544.6669516981049 50.0
1544.6669516981049 50.0
1544.9532783115549 50.0
1545.2396049250049 50.0
1544.6669516981049 50.0
1544.380625084655 50.0
1544.6669516981049 50.0
1544.6669516981049 50.0
1544.6669516981049 50.0
1545.2396049250049 50.0
1545.0964416182799 50.0
1544.8101150048299 50.0
1544.8101150048299 50.0
1545.0964416182799 50.0
1544.9532783115549 50.0
1545.2396049250049 50.0
1545.2396049250049 50.0
1544.6669516981049 50.0
1544.6669516981049 50.0
1544.6669516981049 50.0
1544.6669516981049 50.0
1544.6669516981049 50.0
1544.9532783115549 50.0
1544.9532783115549 50.0
1544.8101150048299 50.0
1545.3827682317299 50.0
1545.6690948451799 50.0
1545.6690948451799 50.0
1545.9554214586299 50.0
1546.2417480720799 50.0
1546.5280746855299 50.0
1546.8144012989799 50.0
1547.1007279124299 50.0
1547.1007279124299 50.0
1547.1007279124299 50.0
1547.1007279124299 50.0
1547.1007279124299 50.0
1546.8144012989799 50.0
1547.3870545258799 50.0
1547.3870545258799 50.0
1547.3870545258799 50.0
1547.95970775278 50.0
1547.95970775278 50.0
1547.95970775278 50.0
1548.24603436623 50.0
1548.53236097968 50.0
1548.8186875931303 50.0
