CCPTEA
1539.4748864988192 50.0
1549.5597115168093 50.0
1559.932674392487 50.0
1587.0176330125064 50.0
1572.6107401294782 50.0
1586.4413572971835 50.0
1582.9837030052486 50.0
1603.1533530416245 50.0
1602.0008016109682 50.0
1606.0347316182686 50.0
1625.628105939593 50.0
1612.373764486904 50.0
1611.7974887715725 50.0
1614.6788673482326 50.0
1614.6788673482326 50.0
1614.6788673482326 50.0
1627.3569330856053 50.0
1632.5434145236552 50.0
1623.899278793583 50.0
1621.5941759322398 50.0
1623.323003078247 50.0
1621.5941759322398 50.0
1627.933208800943 50.0
1642.9163773998187 50.0
1641.7638259691296 50.0
1656.746994568178 50.0
1656.1707188528262 50.0
1640.6112745384414 50.0
1648.1028588379338 50.0
1648.1028588379338 50.0
1644.6452045458545 50.0
1645.2214802612002 50.0
1649.8316859839774 50.0
1650.9842374146745 50.0
1649.8316859839774 50.0
1646.9503074072395 50.0
1649.2554102686292 50.0
1645.2214802612002 50.0
1639.4587231077544 50.0
1645.7977559765466 50.0
1644.0689288305089 50.0
1646.9503074072395 50.0
1645.2214802612002 50.0
1642.9163773998187 50.0
1640.6112745384414 50.0
1636.0010688157001 50.0
1638.3061716770685 50.0
1639.4587231077544 50.0
1642.9163773998187 50.0
1648.6791345532813 50.0
1641.7638259691296 50.0
1645.2214802612002 50.0
1646.9503074072395 50.0
1639.4587231077544 50.0
1642.340101684474 50.0
1646.374031691893 50.0
1633.1196902389954 50.0
1627.3569330856053 50.0
1629.6620359469582 50.0
1631.3908630929757 50.0
1626.7806573702676 50.0
1634.2722416696765 50.0
1636.0010688157001 50.0
1629.0857602316196 50.0
1627.3569330856053 50.0
1630.8145873776361 50.0
1625.628105939593 50.0
1636.0010688157001 50.0
1637.1536202463838 50.0
1634.8485173850174 50.0
1630.238311662297 50.0
1622.746727362911 50.0
1623.899278793583 50.0
1626.7806573702676 50.0
1627.933208800943 50.0
1627.933208800943 50.0
1627.3569330856053 50.0
1625.0518302242563 50.0
1618.136521640232 50.0
1619.2890730709005 50.0
1618.7127973555662 50.0
1622.746727362911 50.0
1622.746727362911 50.0
1624.4755545089197 50.0
1623.323003078247 50.0
1621.5941759322398 50.0
1622.746727362911 50.0
1620.4416245015695 50.0
1622.1704516475754 50.0
1617.5602459248983 50.0
1617.5602459248983 50.0
1622.1704516475754 50.0
1618.136521640232 50.0
1621.5941759322398 50.0
1618.7127973555662 50.0
1620.4416245015695 50.0
1620.4416245015695 50.0
1621.0179002169048 50.0
1623.323003078247 50.0
1625.0518302242563 50.0
1620.4416245015695 50.0
1623.323003078247 50.0
1621.5941759322398 50.0
1619.2890730709005 50.0
1614.6788673482326 50.0
1619.2890730709005 50.0
1623.323003078247 50.0
1622.1704516475754 50.0
1623.899278793583 50.0
1625.0518302242563 50.0
1625.628105939593 50.0
1622.1704516475754 50.0
1618.136521640232 50.0
1616.9839702095646 50.0
1616.4076944942312 50.0
1615.2551430635654 50.0
1613.526315917568 50.0
1616.9839702095646 50.0
1617.5602459248983 50.0
1616.4076944942312 50.0
1617.5602459248983 50.0
1618.136521640232 50.0
1615.2551430635654 50.0
1611.2212130562411 50.0
1611.2212130562411 50.0
1613.526315917568 50.0
1614.6788673482326 50.0
1613.526315917568 50.0
1614.6788673482326 50.0
1615.2551430635654 50.0
1619.2890730709005 50.0
1617.5602459248983 50.0
1614.1025916329002 50.0
1614.6788673482326 50.0
1612.373764486904 50.0
1611.7974887715725 50.0
1612.9500402022359 50.0
1612.373764486904 50.0
1611.2212130562411 50.0
1608.9161101949178 50.0
1611.7974887715725 50.0
1611.2212130562411 50.0
1612.373764486904 50.0
1613.526315917568 50.0
1612.373764486904 50.0
1613.526315917568 50.0
1615.2551430635654 50.0
1611.7974887715725 50.0
1615.831418778898 50.0
1615.831418778898 50.0
1615.831418778898 50.0
1618.7127973555662 50.0
1615.831418778898 50.0
1616.9839702095646 50.0
1616.4076944942312 50.0
1618.136521640232 50.0
1616.9839702095646 50.0
1616.9839702095646 50.0
1614.6788673482326 50.0
1615.2551430635654 50.0
1618.136521640232 50.0
1615.2551430635654 50.0
1614.6788673482326 50.0
1615.2551430635654 50.0
1607.7635587642576 50.0
1609.4923859102482 50.0
1614.6788673482326 50.0
1614.6788673482326 50.0
1612.9500402022359 50.0
1610.64493734091 50.0
1610.64493734091 50.0
1610.0686616255791 50.0
1610.0686616255791 50.0
1608.3398344795876 50.0
1605.4584559029392 50.0
1603.729628756953 50.0
1604.8821801876104 50.0
1606.611007333598 50.0
1606.611007333598 50.0
1607.1872830489276 50.0
1607.1872830489276 50.0
1607.7635587642576 50.0
1608.9161101949178 50.0
1610.0686616255791 50.0
1609.4923859102482 50.0
1608.9161101949178 50.0
1611.2212130562411 50.0
1613.526315917568 50.0
1614.6788673482326 50.0
1612.9500402022359 50.0
1610.64493734091 50.0
1609.4923859102482 50.0
1609.4923859102482 50.0
1609.4923859102482 50.0
1610.64493734091 50.0
1612.9500402022359 50.0
1612.9500402022359 50.0
1611.2212130562411 50.0
1609.4923859102482 50.0
1607.1872830489276 50.0
1607.7635587642576 50.0
1611.7974887715725 50.0
1613.526315917568 50.0
1612.9500402022359 50.0
1613.526315917568 50.0
1615.2551430635654 50.0
1616.9839702095646 50.0
1615.831418778898 50.0
1611.7974887715725 50.0
1608.3398344795876 50.0
1606.611007333598 50.0
1607.7635587642576 50.0
1606.0347316182686 50.0
1607.1872830489276 50.0
1606.0347316182686 50.0
1603.1533530416245 50.0
1603.729628756953 50.0
1605.4584559029392 50.0
1606.611007333598 50.0
1604.8821801876104 50.0
1604.3059044722816 50.0
1602.5770773262964 50.0
1602.0008016109682 50.0
1602.0008016109682 50.0
1602.5770773262964 50.0
1602.5770773262964 50.0
1603.729628756953 50.0
1606.0347316182686 50.0
1603.729628756953 50.0
1603.1533530416245 50.0
1603.1533530416245 50.0
1604.8821801876104 50.0
1603.729628756953 50.0
1602.5770773262964 50.0
1602.5770773262964 50.0
1603.729628756953 50.0
1602.5770773262964 50.0
1602.0008016109682 50.0
1602.0008016109682 50.0
1603.729628756953 50.0
1603.1533530416245 50.0
1601.4245258956405 50.0
1603.1533530416245 50.0
1600.8482501803128 50.0
1601.4245258956405 50.0
1600.8482501803128 50.0
1602.0008016109682 50.0
1603.1533530416245 50.0
1605.4584559029392 50.0
1605.4584559029392 50.0
1602.5770773262964 50.0
1602.5770773262964 50.0
1602.5770773262964 50.0
1604.3059044722816 50.0
1603.729628756953 50.0
1602.5770773262964 50.0
1601.4245258956405 50.0
1602.5770773262964 50.0
1603.1533530416245 50.0
1600.2719744649855 50.0
1602.0008016109682 50.0
1600.2719744649855 50.0
1600.2719744649855 50.0
1601.4245258956405 50.0
1600.2719744649855 50.0
1598.5431473190044 50.0
1598.5431473190044 50.0
1596.2380444576988 50.0
1595.0854930270473 50.0
1594.5092173117218 50.0
1594.5092173117218 50.0
1594.5092173117218 50.0
1591.627838735097 50.0
1593.9329415963964 50.0
1592.7803901657464 50.0
1591.0515630197724 50.0
1588.170184443153 50.0
1589.8990115891243 50.0
1588.170184443153 50.0
1587.0176330125064 50.0
1586.4413572971835 50.0
1586.4413572971835 50.0
1587.5939087278296 50.0
1587.0176330125064 50.0
1585.2888058665378 50.0
1581.831151574605 50.0
1581.5430137169442 50.0
1585.576943724199 50.0
1583.2718408629096 50.0
1583.2718408629096 50.0
1586.1532194395218 50.0
1583.8481165782318 50.0
1584.424392293554 50.0
1584.424392293554 50.0
1583.8481165782318 50.0
1582.1192894322658 50.0
1583.8481165782318 50.0
1583.8481165782318 50.0
1587.8820465854913 50.0
1585.576943724199 50.0
1588.4583223008149 50.0
1586.1532194395218 50.0
1587.305770870168 50.0
1587.8820465854913 50.0
1586.729495154845 50.0
1586.1532194395218 50.0
1585.0006680088766 50.0
1583.8481165782318 50.0
1583.2718408629096 50.0
1582.1192894322658 50.0
1583.2718408629096 50.0
1580.9667380016226 50.0
1582.1192894322658 50.0
1581.5430137169442 50.0
1580.3904622863013 50.0
1579.237910855659 50.0
1576.6446701367165 50.0
1574.3395672754366 50.0
1576.0683944213963 50.0
1576.3565322790562 50.0
1578.6616351403381 50.0
1579.237910855659 50.0
1582.1192894322658 50.0
1581.5430137169442 50.0
1580.3904622863013 50.0
1577.509083709697 50.0
1575.2039808484162 50.0
1574.0514294177767 50.0
1575.2039808484162 50.0
1576.3565322790562 50.0
1579.237910855659 50.0
1578.0853594250175 50.0
1578.0853594250175 50.0
1575.2039808484162 50.0
1574.6277051330965 50.0
1573.4751537024572 50.0
1572.898877987138 50.0
1574.0514294177767 50.0
1575.7802565637362 50.0
1575.7802565637362 50.0
1574.6277051330965 50.0
1572.898877987138 50.0
1575.7802565637362 50.0
1576.3565322790562 50.0
1575.7802565637362 50.0
1575.7802565637362 50.0
1574.6277051330965 50.0
1576.3565322790562 50.0
1576.9328079943766 50.0
1579.8141865709802 50.0
1576.3565322790562 50.0
1574.6277051330965 50.0
1574.3395672754366 50.0
1574.0514294177767 50.0
1574.0514294177767 50.0
1572.6107401294782 50.0
1570.881912983521 50.0
1566.8479829762925 50.0
1568.0005344069286 50.0
1568.5768101222468 50.0
1568.0005344069286 50.0
1568.5768101222468 50.0
1569.7293615528836 50.0
1569.7293615528836 50.0
1567.4242586916105 50.0
1566.2717072609748 50.0
1567.1361208339515 50.0
1567.4242586916105 50.0
1568.0005344069286 50.0
1566.2717072609748 50.0
1565.1191558303394 50.0
1565.6954315456571 50.0
1566.2717072609748 50.0
1566.2717072609748 50.0
1565.1191558303394 50.0
1566.2717072609748 50.0
1568.5768101222468 50.0
1568.5768101222468 50.0
1570.881912983521 50.0
1569.7293615528836 50.0
1569.7293615528836 50.0
1570.3056372682022 50.0
1569.7293615528836 50.0
1569.1530858375652 50.0
1569.7293615528836 50.0
1570.3056372682022 50.0
1571.1700508411805 50.0
1571.7463265564995 50.0
1571.4581886988399 50.0
1571.1700508411805 50.0
1569.4412236952244 50.0
1569.4412236952244 50.0
1568.864947979906 50.0
1567.7123965492697 50.0
1569.7293615528836 50.0
1568.5768101222468 50.0
1569.1530858375652 50.0
1569.1530858375652 50.0
1567.4242586916105 50.0
1568.0005344069286 50.0
1567.4242586916105 50.0
1567.4242586916105 50.0
1568.5768101222468 50.0
1570.3056372682022 50.0
1570.017499410543 50.0
1570.017499410543 50.0
1570.3056372682022 50.0
1570.881912983521 50.0
1572.034464414159 50.0
1570.881912983521 50.0
1572.034464414159 50.0
1569.7293615528836 50.0
1568.5768101222468 50.0
1569.7293615528836 50.0
1569.7293615528836 50.0
1569.7293615528836 50.0
1568.5768101222468 50.0
1568.0005344069286 50.0
1565.1191558303394 50.0
1566.8479829762925 50.0
1567.4242586916105 50.0
1566.8479829762925 50.0
1564.542880115022 50.0
1565.1191558303394 50.0
1566.2717072609748 50.0
1567.4242586916105 50.0
1566.8479829762925 50.0
1568.0005344069286 50.0
1569.7293615528836 50.0
1568.0005344069286 50.0
1568.0005344069286 50.0
1566.8479829762925 50.0
1567.4242586916105 50.0
1566.2717072609748 50.0
1566.8479829762925 50.0
1565.1191558303394 50.0
1564.542880115022 50.0
1563.9666043997047 50.0
1564.542880115022 50.0
1565.1191558303394 50.0
1564.542880115022 50.0
1563.9666043997047 50.0
1563.3903286843874 50.0
1564.8310179726807 50.0
1564.8310179726807 50.0
1565.4072936879984 50.0
1565.1191558303394 50.0
1566.2717072609748 50.0
1565.9835694033159 50.0
1563.102190826729 50.0
1560.7970879654617 50.0
1561.3733636807783 50.0
1561.3733636807783 50.0
1562.525915111412 50.0
1562.525915111412 50.0
1561.949639396095 50.0
1561.949639396095 50.0
1561.949639396095 50.0
1559.3563986771705 50.0
1559.6445365348288 50.0
1559.0682608195125 50.0
1559.3563986771705 50.0
1559.932674392487 50.0
1558.2038472465383 50.0
1557.0512958159063 50.0
1557.0512958159063 50.0
1556.4750201005907 50.0
1555.898744385275 50.0
1556.1868822429328 50.0
1555.898744385275 50.0
1556.4750201005907 50.0
1556.4750201005907 50.0
1556.7631579582485 50.0
1557.0512958159063 50.0
1553.5936415240133 50.0
1553.8817793816709 50.0
1555.0343308123015 50.0
1553.3055036663557 50.0
1553.3055036663557 50.0
1554.458055096986 50.0
1555.6106065276172 50.0
1555.6106065276172 50.0
1555.6106065276172 50.0
1554.458055096986 50.0
1553.8817793816709 50.0
1552.7292279510405 50.0
1552.1529522357255 50.0
1551.5766765204107 50.0
1551.5766765204107 50.0
1549.271573659152 50.0
1551.0004008050958 50.0
1550.4241250897812 50.0
1551.0004008050958 50.0
1550.4241250897812 50.0
1550.4241250897812 50.0
1549.8478493744665 50.0
1549.8478493744665 50.0
1548.6952979438377 50.0
1548.6952979438377 50.0
1546.966470797895 50.0
1545.237643651953 50.0
1545.813919367267 50.0
1545.813919367267 50.0
1544.0850922213258 50.0
1544.6613679366394 50.0
1541.2037136447586 50.0
1540.0511622141323 50.0
1541.2037136447586 50.0
1539.7630243564759 50.0
1540.915575787102 50.0
1538.6104729258498 50.0
1536.305370064599 50.0
1536.305370064599 50.0
1534.0002672033493 50.0
1533.4239914880368 50.0
1532.2714400574125 50.0
1531.6951643421005 50.0
1529.9663371961647 50.0
1529.3900614808526 50.0
1529.3900614808526 50.0
1526.5086829042943 50.0
1525.3561314736714 50.0
1522.4747528971147 50.0
1521.3222014664925 50.0
1519.0170986052483 50.0
1520.1696500358703 50.0
1519.3052364629038 50.0
1517.576409316971 50.0
1515.8475821710385 50.0
1513.5424793097957 50.0
1511.2373764485533 50.0
1510.0848250179322 50.0
1508.932273587311 50.0
1508.0678600143453 50.0
1507.491584299035 50.0
1506.339032868414 50.0
1506.339032868414 50.0
1505.1864814377932 50.0
1505.7627571531036 50.0
1505.7627571531036 50.0
1505.1864814377932 50.0
1504.610205722483 50.0
1504.610205722483 50.0
1504.610205722483 50.0
1505.1864814377932 50.0
1505.1864814377932 50.0
1506.339032868414 50.0
1506.339032868414 50.0
1506.9153085837245 50.0
1508.0678600143453 50.0
1509.7966871602769 50.0
1509.2204114449664 50.0
1509.7966871602769 50.0
1509.7966871602769 50.0
1509.2204114449664 50.0
1509.7966871602769 50.0
1509.7966871602769 50.0
1509.7966871602769 50.0
1510.3729628755875 50.0
1510.3729628755875 50.0
1512.3899278791744 50.0
1512.3899278791744 50.0
1510.6611007332426 50.0
1510.0848250179322 50.0
1508.932273587311 50.0
1508.932273587311 50.0
1508.3559978720007 50.0
1507.2034464413798 50.0
1507.7797221566902 50.0
1507.7797221566902 50.0
1506.050895010759 50.0
1506.6271707260694 50.0
1506.050895010759 50.0
1506.6271707260694 50.0
1506.6271707260694 50.0
1506.050895010759 50.0
1506.050895010759 50.0
1506.050895010759 50.0
1504.898343580138 50.0
1504.898343580138 50.0
1505.4746192954485 50.0
1506.050895010759 50.0
1507.7797221566902 50.0
1506.050895010759 50.0
1508.3559978720007 50.0
1507.2034464413798 50.0
1508.932273587311 50.0
1508.3559978720007 50.0
1508.3559978720007 50.0
1508.932273587311 50.0
1508.932273587311 50.0
1508.3559978720007 50.0
1507.7797221566902 50.0
1509.5085493026218 50.0
1510.6611007332426 50.0
1510.6611007332426 50.0
1511.2373764485533 50.0
1511.2373764485533 50.0
1511.2373764485533 50.0
1512.3899278791744 50.0
1512.966203594485 50.0
1512.3899278791744 50.0
1511.813652163864 50.0
1511.2373764485533 50.0
1510.0848250179322 50.0
1511.2373764485533 50.0
1510.0848250179322 50.0
1510.6611007332426 50.0
1508.932273587311 50.0
1506.9153085837245 50.0
1506.9153085837245 50.0
1505.7627571531036 50.0
1506.339032868414 50.0
1506.339032868414 50.0
1506.339032868414 50.0
1506.339032868414 50.0
1505.7627571531036 50.0
1506.9153085837245 50.0
1506.9153085837245 50.0
1506.9153085837245 50.0
1506.9153085837245 50.0
1509.7966871602769 50.0
1509.2204114449664 50.0
1509.2204114449664 50.0
1508.0678600143453 50.0
1507.491584299035 50.0
1508.0678600143453 50.0
1506.9153085837245 50.0
1508.0678600143453 50.0
1508.0678600143453 50.0
1509.2204114449664 50.0
1508.644135729656 50.0
1508.644135729656 50.0
1509.7966871602769 50.0
1509.7966871602769 50.0
1509.7966871602769 50.0
1509.2204114449664 50.0
1507.491584299035 50.0
1506.9153085837245 50.0
1507.491584299035 50.0
1508.0678600143453 50.0
1508.0678600143453 50.0
1508.644135729656 50.0
1508.0678600143453 50.0
1509.7966871602769 50.0
1508.932273587311 50.0
1509.5085493026218 50.0
1508.3559978720007 50.0
1507.7797221566902 50.0
1509.5085493026218 50.0
1509.5085493026218 50.0
1510.0848250179322 50.0
1510.6611007332426 50.0
1510.0848250179322 50.0
1509.5085493026218 50.0
1508.3559978720007 50.0
1508.932273587311 50.0
1510.0848250179322 50.0
1511.2373764485533 50.0
1511.2373764485533 50.0
1513.5424793097957 50.0
1512.3899278791744 50.0
1511.2373764485533 50.0
1511.813652163864 50.0
1510.0848250179322 50.0
1510.0848250179322 50.0
1510.6611007332426 50.0
1509.5085493026218 50.0
1510.0848250179322 50.0
1510.0848250179322 50.0
1509.5085493026218 50.0
1511.2373764485533 50.0
1511.2373764485533 50.0
1510.6611007332426 50.0
1510.6611007332426 50.0
1513.5424793097957 50.0
1512.966203594485 50.0
1510.6611007332426 50.0
1510.0848250179322 50.0
1511.813652163864 50.0
1511.2373764485533 50.0
1511.2373764485533 50.0
1510.6611007332426 50.0
1510.6611007332426 50.0
1510.0848250179322 50.0
1510.6611007332426 50.0
1511.2373764485533 50.0
1512.3899278791744 50.0
1512.966203594485 50.0
1511.813652163864 50.0
1511.813652163864 50.0
1511.813652163864 50.0
1512.3899278791744 50.0
1512.3899278791744 50.0
1512.3899278791744 50.0
1512.3899278791744 50.0
1515.2713064557279 50.0
1514.695030740417 50.0
1514.1187550251063 50.0
1513.5424793097957 50.0
1513.5424793097957 50.0
1512.966203594485 50.0
1513.5424793097957 50.0
1514.1187550251063 50.0
1514.695030740417 50.0
1514.695030740417 50.0
1516.4238578863494 50.0
1516.4238578863494 50.0
1516.4238578863494 50.0
1515.8475821710385 50.0
1515.2713064557279 50.0
1514.1187550251063 50.0
1514.1187550251063 50.0
1514.695030740417 50.0
1514.695030740417 50.0
1514.695030740417 50.0
1514.695030740417 50.0
1514.695030740417 50.0
1515.2713064557279 50.0
1515.8475821710385 50.0
1515.8475821710385 50.0
1514.1187550251063 50.0
1514.1187550251063 50.0
1515.8475821710385 50.0
1516.4238578863494 50.0
1515.2713064557279 50.0
1515.8475821710385 50.0
1517.576409316971 50.0
1517.576409316971 50.0
1517.00013360166 50.0
1517.576409316971 50.0
1518.7289607475927 50.0
1519.3052364629038 50.0
1519.3052364629038 50.0
1519.8815121782147 50.0
1521.034063608837 50.0
1521.610339324148 50.0
1521.034063608837 50.0
1521.034063608837 50.0
1521.610339324148 50.0
1521.610339324148 50.0
1522.7628907547703 50.0
1522.7628907547703 50.0
1521.610339324148 50.0
1522.1866150394592 50.0
1522.1866150394592 50.0
1522.1866150394592 50.0
1522.1866150394592 50.0
1522.7628907547703 50.0
1522.1866150394592 50.0
1523.3391664700816 50.0
1522.7628907547703 50.0
1523.915442185393 50.0
1522.7628907547703 50.0
1523.3391664700816 50.0
1523.915442185393 50.0
1523.915442185393 50.0
1523.915442185393 50.0
1524.4917179007043 50.0
1525.0679936160157 50.0
1525.644269331327 50.0
1524.4917179007043 50.0
1524.4917179007043 50.0
1523.915442185393 50.0
1523.3391664700816 50.0
1523.915442185393 50.0
1523.915442185393 50.0
1522.1866150394592 50.0
1522.7628907547703 50.0
1522.1866150394592 50.0
1524.4917179007043 50.0
1523.3391664700816 50.0
1522.7628907547703 50.0
1521.610339324148 50.0
1522.7628907547703 50.0
1522.7628907547703 50.0
1523.915442185393 50.0
1523.3391664700816 50.0
1523.3391664700816 50.0
1523.3391664700816 50.0
1523.915442185393 50.0
1524.4917179007043 50.0
1524.4917179007043 50.0
1525.0679936160157 50.0
1523.915442185393 50.0
1523.3391664700816 50.0
1523.3391664700816 50.0
1522.1866150394592 50.0
1522.1866150394592 50.0
1522.7628907547703 50.0
1521.610339324148 50.0
1522.1866150394592 50.0
1521.610339324148 50.0
1521.610339324148 50.0
1522.1866150394592 50.0
1522.1866150394592 50.0
1522.7628907547703 50.0
1523.3391664700816 50.0
1523.3391664700816 50.0
1522.7628907547703 50.0
1523.3391664700816 50.0
1523.3391664700816 50.0
1523.915442185393 50.0
1525.0679936160157 50.0
1524.4917179007043 50.0
1524.4917179007043 50.0
1525.644269331327 50.0
1526.7968207619501 50.0
1526.7968207619501 50.0
1528.525647907885 50.0
1527.3730964772617 50.0
1528.525647907885 50.0
1529.6781993385086 50.0
1530.8307507691325 50.0
1529.6781993385086 50.0
1529.1019236231969 50.0
1527.3730964772617 50.0
1527.3730964772617 50.0
1526.7968207619501 50.0
1526.7968207619501 50.0
1525.644269331327 50.0
1526.2205450466386 50.0
1526.2205450466386 50.0
1525.0679936160157 50.0
1524.4917179007043 50.0
1525.0679936160157 50.0
1524.4917179007043 50.0
1524.4917179007043 50.0
1525.0679936160157 50.0
1525.0679936160157 50.0
1526.2205450466386 50.0
1526.2205450466386 50.0
1526.2205450466386 50.0
1526.2205450466386 50.0
1527.3730964772617 50.0
1526.7968207619501 50.0
1527.3730964772617 50.0
1527.9493721925733 50.0
1528.525647907885 50.0
1528.525647907885 50.0
1527.3730964772617 50.0
1526.2205450466386 50.0
1527.9493721925733 50.0
1528.525647907885 50.0
1527.9493721925733 50.0
1525.644269331327 50.0
1526.7968207619501 50.0
1526.7968207619501 50.0
1526.2205450466386 50.0
1526.2205450466386 50.0
1526.2205450466386 50.0
1525.0679936160157 50.0
1525.644269331327 50.0
1525.0679936160157 50.0
1527.3730964772617 50.0
1526.7968207619501 50.0
1526.7968207619501 50.0
1528.525647907885 50.0
1527.9493721925733 50.0
1527.9493721925733 50.0
1528.525647907885 50.0
1528.525647907885 50.0
1529.1019236231969 50.0
1529.1019236231969 50.0
1529.6781993385086 50.0
1529.6781993385086 50.0
1530.2544750538204 50.0
1530.2544750538204 50.0
1531.9833021997565 50.0
1531.4070264844445 50.0
1530.2544750538204 50.0
1530.2544750538204 50.0
1529.6781993385086 50.0
1529.1019236231969 50.0
1530.2544750538204 50.0
1530.2544750538204 50.0
1531.4070264844445 50.0
1530.8307507691325 50.0
1530.8307507691325 50.0
1530.8307507691325 50.0
1530.8307507691325 50.0
1529.6781993385086 50.0
1530.8307507691325 50.0
1530.8307507691325 50.0
1530.2544750538204 50.0
1530.8307507691325 50.0
1531.4070264844445 50.0
1530.8307507691325 50.0
1531.4070264844445 50.0
1530.8307507691325 50.0
1530.8307507691325 50.0
1531.9833021997565 50.0
1530.8307507691325 50.0
1530.8307507691325 50.0
1529.6781993385086 50.0
1529.6781993385086 50.0
1529.1019236231969 50.0
1529.6781993385086 50.0
1530.2544750538204 50.0
1530.8307507691325 50.0
1528.525647907885 50.0
1529.6781993385086 50.0
1529.6781993385086 50.0
1530.8307507691325 50.0
1531.4070264844445 50.0
1530.8307507691325 50.0
1531.4070264844445 50.0
1531.4070264844445 50.0
1531.9833021997565 50.0
1531.9833021997565 50.0
1533.1358536303808 50.0
1531.4070264844445 50.0
1531.4070264844445 50.0
1532.5595779150685 50.0
1533.1358536303808 50.0
1532.5595779150685 50.0
1533.712129345693 50.0
1533.712129345693 50.0
1534.2884050610053 50.0
1535.4409564916302 50.0
1536.0172322069427 50.0
1536.5935079222552 50.0
1537.169783637568 50.0
1536.0172322069427 50.0
1536.0172322069427 50.0
1536.0172322069427 50.0
1536.0172322069427 50.0
1536.0172322069427 50.0
1535.4409564916302 50.0
1534.8646807763178 50.0
1534.8646807763178 50.0
1534.8646807763178 50.0
1534.8646807763178 50.0
1534.2884050610053 50.0
1534.2884050610053 50.0
1534.8646807763178 50.0
1537.169783637568 50.0
1535.4409564916302 50.0
1534.2884050610053 50.0
1533.1358536303808 50.0
1533.712129345693 50.0
1533.1358536303808 50.0
1533.1358536303808 50.0
1533.712129345693 50.0
1535.4409564916302 50.0
1534.8646807763178 50.0
1536.5935079222552 50.0
1534.2884050610053 50.0
1534.2884050610053 50.0
1533.712129345693 50.0
1533.712129345693 50.0
1533.712129345693 50.0
1534.2884050610053 50.0
1535.4409564916302 50.0
1535.4409564916302 50.0
1535.4409564916302 50.0
1534.2884050610053 50.0
1534.2884050610053 50.0
1534.2884050610053 50.0
1533.1358536303808 50.0
1533.1358536303808 50.0
1534.2884050610053 50.0
1533.712129345693 50.0
1534.8646807763178 50.0
1534.8646807763178 50.0
1536.5935079222552 50.0
1537.7460593528806 50.0
1537.7460593528806 50.0
1537.7460593528806 50.0
1538.8986107835062 50.0
1537.7460593528806 50.0
1537.7460593528806 50.0
1537.7460593528806 50.0
1536.0172322069427 50.0
1536.5935079222552 50.0
1537.169783637568 50.0
1537.169783637568 50.0
1537.169783637568 50.0
1538.8986107835062 50.0
1537.7460593528806 50.0
1536.5935079222552 50.0
1536.5935079222552 50.0
1536.5935079222552 50.0
1536.5935079222552 50.0
1536.5935079222552 50.0
1535.4409564916302 50.0
1534.8646807763178 50.0
1534.8646807763178 50.0
1536.0172322069427 50.0
1534.8646807763178 50.0
1534.2884050610053 50.0
1534.8646807763178 50.0
1535.4409564916302 50.0
1535.4409564916302 50.0
1536.5935079222552 50.0
1537.169783637568 50.0
1538.8986107835062 50.0
1538.3223350681933 50.0
1538.3223350681933 50.0
1538.8986107835062 50.0
