DESDE
1691.8998132052511 50.0
1648.6791345532813 50.0
1649.2554102686292 50.0
1622.746727362911 50.0
1612.373764486904 50.0
1601.4245258956405 50.0
1608.9161101949178 50.0
1590.4752873044483 50.0
1562.2377772537536 50.0
1550.1359872321239 50.0
1546.102057224924 50.0
1551.864814378068 50.0
1540.3393000717888 50.0
1529.9663371961647 50.0
1519.0170986052483 50.0
1511.5255143062086 50.0
1504.0339300071726 50.0
1500.5762757153104 50.0
1499.4237242846896 50.0
1491.355864270344 50.0
1479.8303499641297 50.0
1479.8303499641297 50.0
1471.7624899497707 50.0
1461.3895270741502 50.0
1458.508148497585 50.0
1460.2369756435241 50.0
1455.0504942057037 50.0
1451.0165641985052 50.0
1451.5928399138195 50.0
1448.7114613372469 50.0
1445.8300827606715 50.0
1444.6775313300407 50.0
1437.7622227462464 50.0
1438.91477417688 50.0
1439.4910498921965 50.0
1433.7282927390252 50.0
1430.2706384471164 50.0
1429.118087016479 50.0
1426.8129841552025 50.0
1423.9316055786037 50.0
1426.2367084398832 50.0
1419.8976755713593 50.0
1418.168848425395 50.0
1420.4739512866804 50.0
1425.0841570092437 50.0
1421.0502270020013 50.0
1419.8976755713593 50.0
1417.5925727100732 50.0
1417.0162969947514 50.0
1413.5586427028165 50.0
1413.5586427028165 50.0
1414.7111941334622 50.0
1406.0670584036036 50.0
1408.9484369802276 50.0
1406.6433341189286 50.0
1400.8805769656688 50.0
1397.9991983890318 50.0
1397.9991983890318 50.0
1394.5415440970608 50.0
1392.2364412357424 50.0
1388.2025112284275 50.0
1387.626235513096 50.0
1385.3211326517674 50.0
1385.3211326517674 50.0
1381.863478359768 50.0
1384.168581221102 50.0
1387.626235513096 50.0
1383.5923055057688 50.0
1383.5923055057688 50.0
1383.0160297904354 50.0
1381.2872026444338 50.0
1381.2872026444338 50.0
1376.676996921753 50.0
1376.100721206417 50.0
1372.066791199057 50.0
1372.066791199057 50.0
1370.3379640530418 50.0
1370.3379640530418 50.0
1373.2193426297324 50.0
1376.100721206417 50.0
1371.4905154837188 50.0
1371.4905154837188 50.0
1368.6091369070243 50.0
1370.9142397683804 50.0
1373.2193426297324 50.0
1373.79561834507 50.0
1373.2193426297324 50.0
1374.9481697757437 50.0
1374.371894060407 50.0
1372.066791199057 50.0
1372.066791199057 50.0
1367.4565854763448 50.0
1369.761688337703 50.0
1368.0328611916848 50.0
1365.7277583303235 50.0
1370.3379640530418 50.0
1367.4565854763448 50.0
1370.3379640530418 50.0
1366.8803097610046 50.0
1367.4565854763448 50.0
1370.9142397683804 50.0
1373.79561834507 50.0
1375.5244454910803 50.0
1376.100721206417 50.0
1374.9481697757437 50.0
1375.5244454910803 50.0
1373.79561834507 50.0
1378.4058240677602 50.0
1378.4058240677602 50.0
1381.2872026444338 50.0
1380.134651213765 50.0
1383.0160297904354 50.0
1381.2872026444338 50.0
1382.4397540751017 50.0
1383.0160297904354 50.0
1382.4397540751017 50.0
1385.8974083670998 50.0
1388.7787869437589 50.0
1387.0499597977641 50.0
1383.0160297904354 50.0
1383.0160297904354 50.0
1384.7448569364346 50.0
1382.4397540751017 50.0
1384.7448569364346 50.0
1387.0499597977641 50.0
1388.7787869437589 50.0
1387.0499597977641 50.0
1387.626235513096 50.0
1385.8974083670998 50.0
1384.7448569364346 50.0
1383.0160297904354 50.0
1382.4397540751017 50.0
1384.7448569364346 50.0
1384.168581221102 50.0
1385.3211326517674 50.0
1383.5923055057688 50.0
1383.5923055057688 50.0
1386.473684082432 50.0
1388.2025112284275 50.0
1389.35506265909 50.0
1391.6601655204124 50.0
1391.6601655204124 50.0
1392.8127169510724 50.0
1391.0838898050822 50.0
1391.6601655204124 50.0
1391.0838898050822 50.0
1389.9313383744209 50.0
1393.388992666402 50.0
1393.388992666402 50.0
1397.4229226737036 50.0
1396.270371243047 50.0
1397.9991983890318 50.0
1393.9652683817314 50.0
1392.8127169510724 50.0
1395.1178198123896 50.0
1396.270371243047 50.0
1397.9991983890318 50.0
1398.5754741043595 50.0
1397.9991983890318 50.0
1396.8466469583755 50.0
1399.7280255350145 50.0
1399.7280255350145 50.0
1399.7280255350145 50.0
1401.4568526809956 50.0
1403.185679826975 50.0
1402.6094041116487 50.0
1402.6094041116487 50.0
1400.3043012503417 50.0
1400.3043012503417 50.0
1399.7280255350145 50.0
1400.8805769656688 50.0
1403.185679826975 50.0
1403.7619555423012 50.0
1403.7619555423012 50.0
1404.9145069729527 50.0
1405.4907826882782 50.0
1406.0670584036036 50.0
1404.9145069729527 50.0
1403.185679826975 50.0
1404.3382312576268 50.0
1404.3382312576268 50.0
1404.3382312576268 50.0
1406.0670584036036 50.0
1405.4907826882782 50.0
1406.6433341189286 50.0
1405.4907826882782 50.0
1405.4907826882782 50.0
1404.9145069729527 50.0
1403.7619555423012 50.0
1404.3382312576268 50.0
1404.9145069729527 50.0
1403.185679826975 50.0
1401.4568526809956 50.0
1399.1517498196872 50.0
1397.9991983890318 50.0
1400.8805769656688 50.0
1399.7280255350145 50.0
1400.8805769656688 50.0
1403.7619555423012 50.0
1403.7619555423012 50.0
1406.6433341189286 50.0
1399.7280255350145 50.0
1402.0331283963224 50.0
1403.185679826975 50.0
1405.4907826882782 50.0
1406.6433341189286 50.0
1407.2196098342536 50.0
1407.7958855495783 50.0
1406.6433341189286 50.0
1408.9484369802276 50.0
1408.9484369802276 50.0
1408.372161264903 50.0
1407.7958855495783 50.0
1405.4907826882782 50.0
1406.6433341189286 50.0
1404.9145069729527 50.0
1407.7958855495783 50.0
1407.7958855495783 50.0
1407.7958855495783 50.0
1410.6772641261998 50.0
1411.2535398415234 50.0
1412.4060912721704 50.0
1410.6772641261998 50.0
1410.6772641261998 50.0
1410.6772641261998 50.0
1410.6772641261998 50.0
1411.2535398415234 50.0
1411.2535398415234 50.0
1412.9823669874936 50.0
1411.829815556847 50.0
1412.4060912721704 50.0
1412.4060912721704 50.0
1410.1009884108757 50.0
1410.1009884108757 50.0
1410.6772641261998 50.0
1410.6772641261998 50.0
1410.6772641261998 50.0
1414.7111941334622 50.0
1414.1349184181395 50.0
1414.7111941334622 50.0
1414.7111941334622 50.0
1414.1349184181395 50.0
1413.5586427028165 50.0
1417.5925727100732 50.0
1418.168848425395 50.0
1418.168848425395 50.0
1419.321399856038 50.0
1418.7451241407166 50.0
1418.168848425395 50.0
1417.5925727100732 50.0
1416.4400212794294 50.0
1415.287469848785 50.0
1415.8637455641071 50.0
1416.4400212794294 50.0
1416.4400212794294 50.0
1417.0162969947514 50.0
1419.321399856038 50.0
1418.7451241407166 50.0
1422.2027784326428 50.0
1425.6604327245634 50.0
1423.3553298632835 50.0
1423.3553298632835 50.0
1423.3553298632835 50.0
1424.507881293924 50.0
1423.9316055786037 50.0
1427.3892598705218 50.0
1430.8469141624348 50.0
1431.9994655930714 50.0
1435.457119884978 50.0
1434.8808441696606 50.0
1435.457119884978 50.0
1439.4910498921965 50.0
1439.4910498921965 50.0
1439.4910498921965 50.0
1440.6436013228295 50.0
1440.067325607513 50.0
1448.135185621932 50.0
1447.558909906617 50.0
1450.4402884831907 50.0
1448.7114613372469 50.0
1450.4402884831907 50.0
1452.745391344448 50.0
1451.5928399138195 50.0
1452.745391344448 50.0
1456.2030456363311 50.0
1456.2030456363311 50.0
1462.830216362432 50.0
1462.2539406471194 50.0
1463.9827677930573 50.0
1463.4064920777448 50.0
1462.2539406471194 50.0
1463.9827677930573 50.0
1465.1353192236822 50.0
1465.1353192236822 50.0
1468.0166978002435 50.0
1469.7455249461796 50.0
1469.7455249461796 50.0
1470.3218006614914 50.0
1469.7455249461796 50.0
1469.1692492308675 50.0
1468.5929735155555 50.0
1469.7455249461796 50.0
1469.7455249461796 50.0
1469.1692492308675 50.0
1468.0166978002435 50.0
1469.7455249461796 50.0
1470.8980763768031 50.0
1472.6269035227383 50.0
1473.7794549533614 50.0
1472.0506278074267 50.0
1476.6608335299184 50.0
1478.965936391163 50.0
1480.6947635370962 50.0
1482.423590683029 50.0
1484.1524178289615 50.0
1486.4575206902043 50.0
1487.3219342631703 50.0
1486.7456585478596 50.0
1486.169382832549 50.0
1485.8812449748937 50.0
1486.4575206902043 50.0
1488.186347836136 50.0
1488.186347836136 50.0
1486.4575206902043 50.0
1487.898209978481 50.0
1488.4744856937914 50.0
1493.660967131586 50.0
1495.9660699928274 50.0
1494.8135185622068 50.0
1497.6948971387585 50.0
1493.0846914162755 50.0
1493.0846914162755 50.0
1491.9321399856547 50.0
1492.7965535586202 50.0
1493.3728292739306 50.0
1493.949104989241 50.0
1494.5253807045515 50.0
1498.559310711724 50.0
1502.5932407188966 50.0
1500.8644135729655 50.0
1502.3051028612415 50.0
1503.4576542918621 50.0
1504.3220678648277 50.0
1506.6271707260694 50.0
1508.3559978720007 50.0
1508.3559978720007 50.0
1511.2373764485533 50.0
1510.0848250179322 50.0
1509.5085493026218 50.0
1509.5085493026218 50.0
1512.966203594485 50.0
1512.966203594485 50.0
1517.2882714593156 50.0
1517.00013360166 50.0
1516.4238578863494 50.0
1517.8645471746265 50.0
1518.4408228899374 50.0
1523.051028612426 50.0
1523.915442185393 50.0
1525.644269331327 50.0
1527.9493721925733 50.0
1527.9493721925733 50.0
1527.3730964772617 50.0
1526.7968207619501 50.0
1529.1019236231969 50.0
1530.8307507691325 50.0
1532.5595779150685 50.0
1533.4239914880368 50.0
1535.152818633974 50.0
1536.8816457799117 50.0
1537.4579214952241 50.0
1539.1867486411627 50.0
1542.0681272177285 50.0
1541.491851502415 50.0
1543.2206786483553 50.0
1544.3732300789825 50.0
1543.7969543636689 50.0
1543.7969543636689 50.0
1542.0681272177285 50.0
1540.3393000717888 50.0
1542.6444029330419 50.0
1541.491851502415 50.0
1543.2206786483553 50.0
1544.3732300789825 50.0
1545.5257815096102 50.0
1546.6783329402379 50.0
1548.1190222285234 50.0
1546.390195082581 50.0
1546.390195082581 50.0
1549.8478493744665 50.0
1550.4241250897812 50.0
1550.7122629474384 50.0
1552.1529522357255 50.0
1554.458055096986 50.0
1552.1529522357255 50.0
1552.1529522357255 50.0
1552.1529522357255 50.0
1552.1529522357255 50.0
1555.6106065276172 50.0
1555.0343308123015 50.0
1555.6106065276172 50.0
1556.7631579582485 50.0
1556.1868822429328 50.0
1555.6106065276172 50.0
1556.7631579582485 50.0
1556.7631579582485 50.0
1557.9157093888803 50.0
1559.0682608195125 50.0
1561.3733636807783 50.0
1561.3733636807783 50.0
1561.949639396095 50.0
1561.949639396095 50.0
1561.3733636807783 50.0
1563.3903286843874 50.0
1565.1191558303394 50.0
1565.4072936879984 50.0
1564.8310179726807 50.0
1567.7123965492697 50.0
1565.9835694033159 50.0
1564.8310179726807 50.0
1565.9835694033159 50.0
1567.1361208339515 50.0
1569.4412236952244 50.0
1569.4412236952244 50.0
1569.4412236952244 50.0
1568.864947979906 50.0
1570.5937751258616 50.0
1570.017499410543 50.0
1569.4412236952244 50.0
1570.5937751258616 50.0
1570.017499410543 50.0
1571.1700508411805 50.0
1572.898877987138 50.0
1572.898877987138 50.0
1573.4751537024572 50.0
1574.6277051330965 50.0
1577.509083709697 50.0
1577.509083709697 50.0
1578.6616351403381 50.0
1578.6616351403381 50.0
1579.8141865709802 50.0
1582.1192894322658 50.0
1580.9667380016226 50.0
1582.1192894322658 50.0
1579.8141865709802 50.0
1580.3904622863013 50.0
1580.3904622863013 50.0
1580.678600143962 50.0
1581.2548758592834 50.0
1584.1362544358929 50.0
1590.4752873044483 50.0
1587.5939087278296 50.0
1587.5939087278296 50.0
1586.4413572971835 50.0
1587.0176330125064 50.0
1587.0176330125064 50.0
1588.4583223008149 50.0
1591.3397008774348 50.0
1590.7634251621105 50.0
1591.9159765927593 50.0
1592.4922523080838 50.0
1592.7803901657464 50.0
1592.7803901657464 50.0
1595.6617687423732 50.0
1597.9668716036776 50.0
1598.5431473190044 50.0
1596.2380444576988 50.0
1599.6956987496583 50.0
1599.4075608919948 50.0
1598.2550094613412 50.0
1598.8312851766677 50.0
1602.2889394686322 50.0
1603.1533530416245 50.0
1603.4414908992887 50.0
1608.6279723372527 50.0
1607.1872830489276 50.0
1607.7635587642576 50.0
1612.373764486904 50.0
1615.2551430635654 50.0
1614.6788673482326 50.0
1614.1025916329002 50.0
1616.4076944942312 50.0
1615.831418778898 50.0
1616.9839702095646 50.0
1620.4416245015695 50.0
1622.1704516475754 50.0
1625.628105939593 50.0
1626.4925195125988 50.0
1627.0687952279363 50.0
1627.0687952279363 50.0
1625.3399680819246 50.0
1627.0687952279363 50.0
1629.373898089289 50.0
1633.9841038120062 50.0
1635.136655242688 50.0
1640.3231366807695 50.0
1639.746860965426 50.0
1642.6282395421463 50.0
1644.9333424035274 50.0
1644.9333424035274 50.0
1647.238445264913 50.0
1648.9672724109553 50.0
1648.3909966956076 50.0
1655.8825809951504 50.0
1655.3063052797993 50.0
1661.0690624333256 50.0
1668.5606467329567 50.0
1669.136922448315 50.0
1673.1708524558342 50.0
1672.5945767404733 50.0
1673.7471281711953 50.0
1680.662436755556 50.0
1681.2387124709217 50.0
1687.0014696245978 50.0
1688.7302967707078 50.0
1691.0353996321928 50.0
1692.7642267783103 50.0
1697.3744325013074 50.0
1696.7981567859315 50.0
1699.1032596474377 50.0
1710.0524982396778 50.0
1716.3915311089363 50.0
1722.7305639782455 50.0
1725.0356668398254 50.0
1733.1035268554106 50.0
1735.4086297170224 50.0
1742.9002140173122 50.0
1746.3578683097805 50.0
1753.849452610188 50.0
1760.1884854798286 50.0
1764.798691203242 50.0
1765.374966918671 50.0
1769.9851726421216 50.0
1771.1377240729894 50.0
1772.8665512192952 50.0
1773.4428269347313 50.0
1774.5953783656057 50.0
1773.4428269347313 50.0
1778.0530326582414 50.0
1779.7818598045662 50.0
1780.358135520009 50.0
1783.8157898126772 50.0
1784.3920655281238 50.0
1785.5446169590186 50.0
1785.5446169590186 50.0
1785.5446169590186 50.0
1785.5446169590186 50.0
1784.6802033858476 50.0
1784.6802033858476 50.0
1784.1039276704005 50.0
1784.1039276704005 50.0
1785.2564791012946 50.0
1784.1039276704005 50.0
1784.1039276704005 50.0
1784.6802033858476 50.0
1784.6802033858476 50.0
1782.375100524063 50.0
1781.7988248086185 50.0
1781.7988248086185 50.0
1782.375100524063 50.0
1783.527651954954 50.0
1782.6632383817855 50.0
1783.2395140972312 50.0
1782.6632383817855 50.0
1781.5106869508963 50.0
1783.2395140972312 50.0
1783.2395140972312 50.0
1783.2395140972312 50.0
1782.6632383817855 50.0
1782.6632383817855 50.0
1782.6632383817855 50.0
1782.6632383817855 50.0
1783.2395140972312 50.0
1782.6632383817855 50.0
1783.2395140972312 50.0
1783.8157898126772 50.0
1784.968341243571 50.0
1784.968341243571 50.0
1785.5446169590186 50.0
1784.968341243571 50.0
1785.5446169590186 50.0
1785.5446169590186 50.0
1784.968341243571 50.0
1787.2734441053653 50.0
1787.8497198208154 50.0
1788.4259955362656 50.0
1789.5785469671684 50.0
1790.7310983980733 50.0
1790.7310983980733 50.0
1790.7310983980733 50.0
1790.7310983980733 50.0
1790.1548226826208 50.0
1791.3073741135267 50.0
1791.3073741135267 50.0
1791.3073741135267 50.0
1792.4599255444352 50.0
1792.4599255444352 50.0
1792.4599255444352 50.0
1793.0362012598903 50.0
1791.8836498289807 50.0
1793.6124769753458 50.0
1794.188752690802 50.0
1794.7650284062588 50.0
1794.188752690802 50.0
1795.917579837174 50.0
1798.2226826990113 50.0
1797.646406983551 50.0
1797.646406983551 50.0
1797.646406983551 50.0
1796.781993410362 50.0
1797.3582691258212 50.0
1796.781993410362 50.0
1796.781993410362 50.0
1795.629441979445 50.0
1795.0531662639874 50.0
1795.0531662639874 50.0
1796.781993410362 50.0
1795.629441979445 50.0
1796.781993410362 50.0
1797.3582691258212 50.0
1796.781993410362 50.0
1796.781993410362 50.0
1797.9345448412812 50.0
1797.9345448412812 50.0
1798.5108205567417 50.0
1799.0870962722029 50.0
1797.9345448412812 50.0
1796.781993410362 50.0
1796.2057176949031 50.0
1796.2057176949031 50.0
1796.2057176949031 50.0
1797.9345448412812 50.0
1799.6633719876645 50.0
1798.5108205567417 50.0
1798.5108205567417 50.0
1797.9345448412812 50.0
1797.3582691258212 50.0
1796.781993410362 50.0
1797.3582691258212 50.0
1797.3582691258212 50.0
1797.0701312680915 50.0
1797.646406983551 50.0
1797.646406983551 50.0
1798.2226826990113 50.0
1799.3752341299337 50.0
1798.798958414472 50.0
1798.798958414472 50.0
1799.3752341299337 50.0
1799.3752341299337 50.0
1797.646406983551 50.0
1798.798958414472 50.0
1798.798958414472 50.0
1799.3752341299337 50.0
1800.527785560858 50.0
1801.104061276321 50.0
1801.104061276321 50.0
1801.6803369917848 50.0
1801.6803369917848 50.0
1801.104061276321 50.0
1800.527785560858 50.0
1800.527785560858 50.0
1800.527785560858 50.0
1799.9515098453955 50.0
1799.9515098453955 50.0
1799.9515098453955 50.0
1799.9515098453955 50.0
1799.9515098453955 50.0
1799.3752341299337 50.0
1799.3752341299337 50.0
1799.9515098453955 50.0
1799.9515098453955 50.0
1799.9515098453955 50.0
1799.9515098453955 50.0
1800.527785560858 50.0
1801.104061276321 50.0
1801.6803369917848 50.0
1801.6803369917848 50.0
1801.6803369917848 50.0
1801.6803369917848 50.0
1799.9515098453955 50.0
1800.527785560858 50.0
1801.104061276321 50.0
1801.6803369917848 50.0
1801.104061276321 50.0
1801.104061276321 50.0
1801.104061276321 50.0
1799.3752341299337 50.0
1799.3752341299337 50.0
1798.798958414472 50.0
1797.646406983551 50.0
1797.0701312680915 50.0
1798.2226826990113 50.0
1797.646406983551 50.0
1796.4938555526323 50.0
1796.4938555526323 50.0
1797.0701312680915 50.0
1797.646406983551 50.0
1798.798958414472 50.0
1798.798958414472 50.0
1799.3752341299337 50.0
1798.798958414472 50.0
1799.3752341299337 50.0
1799.3752341299337 50.0
1799.9515098453955 50.0
1800.527785560858 50.0
1799.3752341299337 50.0
1799.3752341299337 50.0
1799.3752341299337 50.0
1798.798958414472 50.0
1798.2226826990113 50.0
1798.798958414472 50.0
1798.2226826990113 50.0
1798.798958414472 50.0
1799.3752341299337 50.0
1799.9515098453955 50.0
1799.3752341299337 50.0
1798.2226826990113 50.0
1798.798958414472 50.0
1797.646406983551 50.0
1798.2226826990113 50.0
1797.646406983551 50.0
1796.4938555526323 50.0
1797.0701312680915 50.0
1797.0701312680915 50.0
1797.0701312680915 50.0
1797.0701312680915 50.0
1797.0701312680915 50.0
1797.0701312680915 50.0
1797.0701312680915 50.0
1797.0701312680915 50.0
1797.0701312680915 50.0
1797.0701312680915 50.0
1798.2226826990113 50.0
1799.9515098453955 50.0
1798.798958414472 50.0
1798.798958414472 50.0
1798.2226826990113 50.0
1797.646406983551 50.0
1798.2226826990113 50.0
1798.798958414472 50.0
1798.2226826990113 50.0
1797.0701312680915 50.0
1796.4938555526323 50.0
1796.4938555526323 50.0
1795.3413041217161 50.0
1795.917579837174 50.0
1794.7650284062588 50.0
1794.7650284062588 50.0
1794.188752690802 50.0
1795.3413041217161 50.0
1794.188752690802 50.0
1794.7650284062588 50.0
1795.3413041217161 50.0
1794.7650284062588 50.0
1794.188752690802 50.0
1793.6124769753458 50.0
1793.0362012598903 50.0
1793.6124769753458 50.0
1793.6124769753458 50.0
1794.188752690802 50.0
1793.6124769753458 50.0
1793.0362012598903 50.0
1793.6124769753458 50.0
1793.6124769753458 50.0
1793.6124769753458 50.0
1793.0362012598903 50.0
1791.8836498289807 50.0
1791.8836498289807 50.0
1791.8836498289807 50.0
1791.8836498289807 50.0
1791.3073741135267 50.0
1790.7310983980733 50.0
1790.7310983980733 50.0
1790.1548226826208 50.0
1789.5785469671684 50.0
1788.4259955362656 50.0
1788.4259955362656 50.0
1787.8497198208154 50.0
1787.8497198208154 50.0
1787.8497198208154 50.0
1787.2734441053653 50.0
1786.120892674467 50.0
1785.5446169590186 50.0
1785.5446169590186 50.0
1786.120892674467 50.0
1785.5446169590186 50.0
1785.5446169590186 50.0
1786.6971683899158 50.0
1786.120892674467 50.0
1785.5446169590186 50.0
1784.968341243571 50.0
1784.3920655281238 50.0
1784.3920655281238 50.0
1784.3920655281238 50.0
1784.3920655281238 50.0
1784.968341243571 50.0
1784.968341243571 50.0
1784.968341243571 50.0
1785.5446169590186 50.0
1785.5446169590186 50.0
1783.8157898126772 50.0
1783.8157898126772 50.0
1784.3920655281238 50.0
1784.3920655281238 50.0
1784.968341243571 50.0
1784.968341243571 50.0
1784.3920655281238 50.0
1783.2395140972312 50.0
1783.8157898126772 50.0
1782.0869626663407 50.0
1782.6632383817855 50.0
1782.0869626663407 50.0
1782.0869626663407 50.0
1780.9344112354524 50.0
1782.0869626663407 50.0
1782.0869626663407 50.0
1782.0869626663407 50.0
1782.0869626663407 50.0
1780.9344112354524 50.0
1779.2055840891242 50.0
1778.6293083736823 50.0
1778.6293083736823 50.0
1778.6293083736823 50.0
1778.6293083736823 50.0
1778.0530326582414 50.0
1778.6293083736823 50.0
1778.0530326582414 50.0
1778.6293083736823 50.0
1778.0530326582414 50.0
1778.6293083736823 50.0
1778.6293083736823 50.0
1778.6293083736823 50.0
1779.7818598045662 50.0
1780.9344112354524 50.0
1779.7818598045662 50.0
1779.7818598045662 50.0
1778.6293083736823 50.0
1778.0530326582414 50.0
1778.6293083736823 50.0
1779.2055840891242 50.0
1779.2055840891242 50.0
1779.2055840891242 50.0
1778.0530326582414 50.0
1776.9004812273606 50.0
1777.4767569428006 50.0
1779.7818598045662 50.0
1778.6293083736823 50.0
1778.6293083736823 50.0
1779.7818598045662 50.0
1780.9344112354524 50.0
1779.7818598045662 50.0
1779.2055840891242 50.0
1780.358135520009 50.0
1779.2055840891242 50.0
1780.358135520009 50.0
1780.358135520009 50.0
1780.358135520009 50.0
1781.5106869508963 50.0
1781.5106869508963 50.0
1779.7818598045662 50.0
1780.358135520009 50.0
1779.7818598045662 50.0
1779.2055840891242 50.0
1778.0530326582414 50.0
1778.0530326582414 50.0
1777.4767569428006 50.0
1776.9004812273606 50.0
1778.0530326582414 50.0
1776.324205511921 50.0
1776.9004812273606 50.0
1777.4767569428006 50.0
1778.0530326582414 50.0
1778.0530326582414 50.0
1778.0530326582414 50.0
1779.2055840891242 50.0
1779.2055840891242 50.0
1778.0530326582414 50.0
1778.0530326582414 50.0
1778.0530326582414 50.0
1777.4767569428006 50.0
1776.324205511921 50.0
1776.324205511921 50.0
1775.7479297964821 50.0
1775.7479297964821 50.0
1775.7479297964821 50.0
1776.9004812273606 50.0
1776.9004812273606 50.0
1776.9004812273606 50.0
1776.9004812273606 50.0
1777.4767569428006 50.0
1777.4767569428006 50.0
1777.4767569428006 50.0
1777.4767569428006 50.0
1778.0530326582414 50.0
1777.4767569428006 50.0
1778.0530326582414 50.0
1777.4767569428006 50.0
1777.4767569428006 50.0
1776.9004812273606 50.0
1777.4767569428006 50.0
1777.4767569428006 50.0
1778.6293083736823 50.0
1778.6293083736823 50.0
1779.2055840891242 50.0
1779.2055840891242 50.0
1779.2055840891242 50.0
1778.6293083736823 50.0
1778.0530326582414 50.0
1778.6293083736823 50.0
1778.0530326582414 50.0
1776.9004812273606 50.0
1776.9004812273606 50.0
1776.9004812273606 50.0
1776.324205511921 50.0
1775.7479297964821 50.0
1775.7479297964821 50.0
1775.1716540810437 50.0
1774.5953783656057 50.0
1774.5953783656057 50.0
1774.5953783656057 50.0
1773.4428269347313 50.0
1773.4428269347313 50.0
1772.8665512192952 50.0
1774.0191026501684 50.0
1772.8665512192952 50.0
1772.8665512192952 50.0
1770.5614483575553 50.0
1769.9851726421216 50.0
1769.4088969266884 50.0
1769.9851726421216 50.0
1770.5614483575553 50.0
1771.7139997884242 50.0
1771.1377240729894 50.0
1771.7139997884242 50.0
1772.2902755038592 50.0
1771.1377240729894 50.0
1770.5614483575553 50.0
1770.5614483575553 50.0
1770.5614483575553 50.0
1771.7139997884242 50.0
1771.7139997884242 50.0
1769.4088969266884 50.0
1769.4088969266884 50.0
1768.2563454958236 50.0
1766.5275183495305 50.0
1766.5275183495305 50.0
1765.374966918671 50.0
1767.103794064961 50.0
1766.5275183495305 50.0
1764.798691203242 50.0
1764.798691203242 50.0
1764.798691203242 50.0
1764.2224154878136 50.0
1764.2224154878136 50.0
1763.6461397723856 50.0
1763.6461397723856 50.0
1763.069864056958 50.0
1763.069864056958 50.0
1761.341036910679 50.0
1761.9173126261048 50.0
1760.7647611952534 50.0
1761.341036910679 50.0
1762.4935883415312 50.0
1762.4935883415312 50.0
1762.4935883415312 50.0
1763.069864056958 50.0
1763.069864056958 50.0
1762.4935883415312 50.0
1761.9173126261048 50.0
1760.1884854798286 50.0
1760.1884854798286 50.0
1759.6122097644043 50.0
1760.1884854798286 50.0
1760.7647611952534 50.0
1760.1884854798286 50.0
1760.1884854798286 50.0
1760.7647611952534 50.0
1760.1884854798286 50.0
1759.6122097644043 50.0
1758.459658333557 50.0
1758.459658333557 50.0
1759.0359340489804 50.0
1759.0359340489804 50.0
1757.8833826181342 50.0
1758.459658333557 50.0
1757.8833826181342 50.0
1757.8833826181342 50.0
1756.1545554718684 50.0
1757.3071069027117 50.0
1756.7308311872898 50.0
1756.7308311872898 50.0
1756.7308311872898 50.0
1756.1545554718684 50.0
1756.1545554718684 50.0
1755.5782797564475 50.0
1755.0020040410272 50.0
1755.0020040410272 50.0
1754.4257283256075 50.0
1752.6969011793508 50.0
1753.2731768947692 50.0
