IMTCMO
1563.6784665420462 50.0
1577.2209458520367 50.0
1584.1362544358929 50.0
1600.2719744649855 50.0
1621.0179002169048 50.0
1612.373764486904 50.0
1610.0686616255791 50.0
1612.6619023445699 50.0
1636.0010688157001 50.0
1629.6620359469582 50.0
1626.7806573702676 50.0
1643.4926531151636 50.0
1639.4587231077544 50.0
1638.8824473924114 50.0
1649.2554102686292 50.0
1649.8316859839774 50.0
1646.9503074072395 50.0
1652.7130645607224 50.0
1650.9842374146745 50.0
1657.8995459988823 50.0
1661.3572002910028 50.0
1663.6623031524225 50.0
1668.2725088752775 50.0
1655.0181674221237 50.0
1660.2046488602946 50.0
1646.374031691893 50.0
1656.746994568178 50.0
1664.2385788677782 50.0
1661.3572002910028 50.0
1670.577611736713 50.0
1670.0013360213536 50.0
1668.2725088752775 50.0
1667.6962331599195 50.0
1663.086027437067 50.0
1667.6962331599195 50.0
1670.577611736713 50.0
1665.9674060138475 50.0
1668.848784590636 50.0
1667.6962331599195 50.0
1672.306438882793 50.0
1676.3403688903247 50.0
1682.1031260439709 50.0
1686.1370560515443 50.0
1683.2556774747043 50.0
1680.3742988978734 50.0
1686.7133317669131 50.0
1681.5268503286047 50.0
1678.069196036415 50.0
1675.764093174962 50.0
1678.069196036415 50.0
1672.8827145981536 50.0
1672.8827145981536 50.0
1671.7301631674327 50.0
1671.7301631674327 50.0
1671.1538874520725 50.0
1665.9674060138475 50.0
1672.306438882793 50.0
1671.7301631674327 50.0
1668.2725088752775 50.0
1664.8148545831343 50.0
1664.2385788677782 50.0
1660.2046488602946 50.0
1662.509751721712 50.0
1661.933476006357 50.0
1660.2046488602946 50.0
1663.086027437067 50.0
1664.2385788677782 50.0
1657.8995459988823 50.0
1656.746994568178 50.0
1656.1707188528262 50.0
1657.32327028353 50.0
1660.7809245756484 50.0
1663.6623031524225 50.0
1664.2385788677782 50.0
1664.8148545831343 50.0
1667.1199574445618 50.0
1671.7301631674327 50.0
1672.306438882793 50.0
1675.1878174595995 50.0
1670.0013360213536 50.0
1672.306438882793 50.0
1673.4589903135147 50.0
1678.645471751779 50.0
1678.645471751779 50.0
1675.764093174962 50.0
1670.577611736713 50.0
1670.0013360213536 50.0
1668.2725088752775 50.0
1670.0013360213536 50.0
1669.4250603059945 50.0
1667.6962331599195 50.0
1670.577611736713 50.0
1671.1538874520725 50.0
1671.7301631674327 50.0
1670.0013360213536 50.0
1664.2385788677782 50.0
1661.933476006357 50.0
1660.7809245756484 50.0
1660.2046488602946 50.0
1660.2046488602946 50.0
1660.2046488602946 50.0
1659.0520974295878 50.0
1664.2385788677782 50.0
1665.9674060138475 50.0
1668.848784590636 50.0
1668.2725088752775 50.0
1668.848784590636 50.0
1665.9674060138475 50.0
1666.5436817292045 50.0
1665.9674060138475 50.0
1670.0013360213536 50.0
1669.4250603059945 50.0
1667.6962331599195 50.0
1667.1199574445618 50.0
1663.6623031524225 50.0
1662.509751721712 50.0
1663.086027437067 50.0
1663.6623031524225 50.0
1662.509751721712 50.0
1664.2385788677782 50.0
1667.1199574445618 50.0
1665.3911302984907 50.0
1665.3911302984907 50.0
1666.5436817292045 50.0
1663.6623031524225 50.0
1663.6623031524225 50.0
1659.6283731449412 50.0
1662.509751721712 50.0
1661.3572002910028 50.0
1660.7809245756484 50.0
1661.3572002910028 50.0
1659.6283731449412 50.0
1662.509751721712 50.0
1663.6623031524225 50.0
1663.086027437067 50.0
1660.7809245756484 50.0
1661.3572002910028 50.0
1660.2046488602946 50.0
1659.6283731449412 50.0
1660.7809245756484 50.0
1659.0520974295878 50.0
1657.8995459988823 50.0
1660.2046488602946 50.0
1657.8995459988823 50.0
1658.4758217142348 50.0
1653.2893402760724 50.0
1651.5605131300235 50.0
1650.9842374146745 50.0
1649.8316859839774 50.0
1649.8316859839774 50.0
1652.1367888453728 50.0
1650.9842374146745 50.0
1654.441891706773 50.0
1654.441891706773 50.0
1652.7130645607224 50.0
1652.7130645607224 50.0
1649.8316859839774 50.0
1651.5605131300235 50.0
1655.0181674221237 50.0
1656.746994568178 50.0
1653.2893402760724 50.0
1656.1707188528262 50.0
1655.0181674221237 50.0
1655.5944431374749 50.0
1657.8995459988823 50.0
1657.8995459988823 50.0
1653.8656159914226 50.0
1657.8995459988823 50.0
1659.6283731449412 50.0
1659.6283731449412 50.0
1659.0520974295878 50.0
1657.8995459988823 50.0
1659.0520974295878 50.0
1656.746994568178 50.0
1659.0520974295878 50.0
1662.509751721712 50.0
1661.933476006357 50.0
1660.2046488602946 50.0
1661.933476006357 50.0
1661.3572002910028 50.0
1664.2385788677782 50.0
1666.5436817292045 50.0
1662.509751721712 50.0
1661.933476006357 50.0
1660.7809245756484 50.0
1660.2046488602946 50.0
1659.6283731449412 50.0
1657.32327028353 50.0
1654.441891706773 50.0
1656.1707188528262 50.0
1656.746994568178 50.0
1659.0520974295878 50.0
1659.0520974295878 50.0
1660.7809245756484 50.0
1656.746994568178 50.0
1654.441891706773 50.0
1655.0181674221237 50.0
1654.441891706773 50.0
1653.2893402760724 50.0
1653.8656159914226 50.0
1652.1367888453728 50.0
1651.5605131300235 50.0
1648.6791345532813 50.0
1649.2554102686292 50.0
1645.7977559765466 50.0
1645.2214802612002 50.0
1646.374031691893 50.0
1645.2214802612002 50.0
1645.2214802612002 50.0
1645.2214802612002 50.0
1643.4926531151636 50.0
1644.6452045458545 50.0
1644.0689288305089 50.0
1646.374031691893 50.0
1648.1028588379338 50.0
1648.1028588379338 50.0
1644.6452045458545 50.0
1641.7638259691296 50.0
1642.340101684474 50.0
1640.0349988230978 50.0
1640.6112745384414 50.0
1639.4587231077544 50.0
1638.8824473924114 50.0
1638.8824473924114 50.0
1637.729895961726 50.0
1638.8824473924114 50.0
1640.6112745384414 50.0
1642.9163773998187 50.0
1641.7638259691296 50.0
1640.6112745384414 50.0
1640.6112745384414 50.0
1641.1875502537853 50.0
1640.6112745384414 50.0
1640.0349988230978 50.0
1638.8824473924114 50.0
1638.3061716770685 50.0
1638.3061716770685 50.0
1635.4247931003586 50.0
1636.577344531042 50.0
1634.8485173850174 50.0
1633.1196902389954 50.0
1633.6959659543359 50.0
1634.2722416696765 50.0
1634.2722416696765 50.0
1634.2722416696765 50.0
1633.6959659543359 50.0
1631.9671388083152 50.0
1633.1196902389954 50.0
1631.3908630929757 50.0
1631.3908630929757 50.0
1633.1196902389954 50.0
1633.6959659543359 50.0
1632.5434145236552 50.0
1631.9671388083152 50.0
1633.1196902389954 50.0
1631.3908630929757 50.0
1630.8145873776361 50.0
1631.9671388083152 50.0
1627.3569330856053 50.0
1627.3569330856053 50.0
1626.7806573702676 50.0
1628.5094845162812 50.0
1628.5094845162812 50.0
1625.0518302242563 50.0
1625.628105939593 50.0
1624.4755545089197 50.0
1625.628105939593 50.0
1625.0518302242563 50.0
1623.899278793583 50.0
1623.899278793583 50.0
1624.4755545089197 50.0
1623.323003078247 50.0
1626.20438165493 50.0
1624.4755545089197 50.0
1625.628105939593 50.0
1625.0518302242563 50.0
1623.899278793583 50.0
1622.746727362911 50.0
1622.1704516475754 50.0
1625.0518302242563 50.0
1622.746727362911 50.0
1622.746727362911 50.0
1620.4416245015695 50.0
1618.7127973555662 50.0
1617.5602459248983 50.0
1618.136521640232 50.0
1613.526315917568 50.0
1612.9500402022359 50.0
1611.2212130562411 50.0
1612.373764486904 50.0
1612.373764486904 50.0
1611.2212130562411 50.0
1610.0686616255791 50.0
1609.4923859102482 50.0
1608.3398344795876 50.0
1607.7635587642576 50.0
1607.1872830489276 50.0
1607.7635587642576 50.0
1608.3398344795876 50.0
1609.4923859102482 50.0
1609.4923859102482 50.0
1610.0686616255791 50.0
1608.9161101949178 50.0
1610.64493734091 50.0
1611.7974887715725 50.0
1610.0686616255791 50.0
1608.3398344795876 50.0
1608.9161101949178 50.0
1608.9161101949178 50.0
1611.2212130562411 50.0
1609.4923859102482 50.0
1611.2212130562411 50.0
1606.611007333598 50.0
1604.8821801876104 50.0
1606.0347316182686 50.0
1604.8821801876104 50.0
1608.3398344795876 50.0
1608.9161101949178 50.0
1608.3398344795876 50.0
1611.2212130562411 50.0
1607.7635587642576 50.0
1608.9161101949178 50.0
1607.1872830489276 50.0
1608.9161101949178 50.0
1606.899145191263 50.0
1606.899145191263 50.0
1605.1703180452748 50.0
1605.1703180452748 50.0
1605.746593760604 50.0
1604.594042329946 50.0
1604.0177666146171 50.0
1603.4414908992887 50.0
1605.746593760604 50.0
1606.611007333598 50.0
1607.1872830489276 50.0
1603.729628756953 50.0
1603.1533530416245 50.0
1600.8482501803128 50.0
1597.9668716036776 50.0
1600.2719744649855 50.0
1599.4075608919948 50.0
1599.9838366073218 50.0
1597.9668716036776 50.0
1597.3905958883513 50.0
1595.0854930270473 50.0
1595.6617687423732 50.0
1594.5092173117218 50.0
1592.7803901657464 50.0
1592.7803901657464 50.0
1593.3566658810714 50.0
1591.627838735097 50.0
1591.627838735097 50.0
1589.3227358738002 50.0
1590.4752873044483 50.0
1591.627838735097 50.0
1592.2041144504217 50.0
1592.7803901657464 50.0
1592.2041144504217 50.0
1591.3397008774348 50.0
1591.9159765927593 50.0
1591.9159765927593 50.0
1590.7634251621105 50.0
1590.7634251621105 50.0
1591.3397008774348 50.0
1590.1871494467862 50.0
1590.7634251621105 50.0
1588.7464601584766 50.0
1588.170184443153 50.0
1588.170184443153 50.0
1588.7464601584766 50.0
1591.0515630197724 50.0
1590.4752873044483 50.0
1589.3227358738002 50.0
1588.170184443153 50.0
1588.7464601584766 50.0
1587.5939087278296 50.0
1585.8650815818605 50.0
1585.8650815818605 50.0
1585.8650815818605 50.0
1586.4413572971835 50.0
1585.8650815818605 50.0
1587.5939087278296 50.0
1587.0176330125064 50.0
1587.5939087278296 50.0
1586.4413572971835 50.0
1587.5939087278296 50.0
1587.5939087278296 50.0
1587.5939087278296 50.0
1586.729495154845 50.0
1587.0176330125064 50.0
1589.3227358738002 50.0
1586.729495154845 50.0
1585.8650815818605 50.0
1585.8650815818605 50.0
1587.305770870168 50.0
1589.610873731462 50.0
1591.3397008774348 50.0
1591.9159765927593 50.0
1589.610873731462 50.0
1590.7634251621105 50.0
1591.3397008774348 50.0
1592.4922523080838 50.0
1590.1871494467862 50.0
1588.4583223008149 50.0
1587.0176330125064 50.0
1585.8650815818605 50.0
1583.8481165782318 50.0
1583.2718408629096 50.0
1584.424392293554 50.0
1584.424392293554 50.0
1583.2718408629096 50.0
1583.8481165782318 50.0
1584.424392293554 50.0
1582.4074272899268 50.0
1581.831151574605 50.0
1582.1192894322658 50.0
1582.1192894322658 50.0
1580.9667380016226 50.0
1581.5430137169442 50.0
1579.8141865709802 50.0
1578.6616351403381 50.0
1577.509083709697 50.0
1577.509083709697 50.0
1576.9328079943766 50.0
1575.2039808484162 50.0
1575.7802565637362 50.0
1574.6277051330965 50.0
1574.6277051330965 50.0
1574.6277051330965 50.0
1574.6277051330965 50.0
1575.2039808484162 50.0
1575.2039808484162 50.0
1574.6277051330965 50.0
1576.9328079943766 50.0
1577.509083709697 50.0
1577.509083709697 50.0
1575.2039808484162 50.0
1574.6277051330965 50.0
1573.4751537024572 50.0
1573.4751537024572 50.0
1571.1700508411805 50.0
1570.5937751258616 50.0
1570.017499410543 50.0
1569.7293615528836 50.0
1570.881912983521 50.0
1569.1530858375652 50.0
1570.017499410543 50.0
1569.7293615528836 50.0
1570.5937751258616 50.0
1571.1700508411805 50.0
1568.2886722645876 50.0
1569.4412236952244 50.0
1571.7463265564995 50.0
1570.5937751258616 50.0
1570.5937751258616 50.0
1570.017499410543 50.0
1568.0005344069286 50.0
1565.6954315456571 50.0
1567.1361208339515 50.0
1568.0005344069286 50.0
1568.0005344069286 50.0
1569.1530858375652 50.0
1568.5768101222468 50.0
1566.8479829762925 50.0
1565.6954315456571 50.0
1564.542880115022 50.0
1563.9666043997047 50.0
1563.3903286843874 50.0
1562.2377772537536 50.0
1563.6784665420462 50.0
1564.2547422573634 50.0
1562.525915111412 50.0
1561.949639396095 50.0
1560.7970879654617 50.0
1561.949639396095 50.0
1562.525915111412 50.0
1561.3733636807783 50.0
1559.6445365348288 50.0
1559.0682608195125 50.0
1559.6445365348288 50.0
1559.0682608195125 50.0
1556.7631579582485 50.0
1559.6445365348288 50.0
1559.6445365348288 50.0
1559.0682608195125 50.0
1559.6445365348288 50.0
1559.6445365348288 50.0
1559.3563986771705 50.0
1560.5089501078035 50.0
1561.08522582312 50.0
1560.5089501078035 50.0
1559.932674392487 50.0
1559.932674392487 50.0
1558.2038472465383 50.0
1558.2038472465383 50.0
1557.6275715312222 50.0
1558.2038472465383 50.0
1557.6275715312222 50.0
1556.4750201005907 50.0
1558.2038472465383 50.0
1559.3563986771705 50.0
1559.3563986771705 50.0
1559.932674392487 50.0
1557.0512958159063 50.0
1555.898744385275 50.0
1556.4750201005907 50.0
1554.746192954644 50.0
1553.5936415240133 50.0
1551.0004008050958 50.0
1551.0004008050958 50.0
1551.5766765204107 50.0
1549.271573659152 50.0
1550.4241250897812 50.0
1548.1190222285234 50.0
1545.813919367267 50.0
1545.813919367267 50.0
1546.390195082581 50.0
1546.390195082581 50.0
1545.237643651953 50.0
1544.0850922213258 50.0
1541.7799893600718 50.0
1540.6274379294455 50.0
1537.169783637568 50.0
1537.7460593528806 50.0
1536.0172322069427 50.0
1534.2884050610053 50.0
1533.4239914880368 50.0
1532.2714400574125 50.0
1528.8137857655408 50.0
1527.084958619606 50.0
1526.5086829042943 50.0
1527.084958619606 50.0
1525.3561314736714 50.0
1526.2205450466386 50.0
1525.0679936160157 50.0
1525.644269331327 50.0
1525.644269331327 50.0
1526.7968207619501 50.0
1523.915442185393 50.0
1523.3391664700816 50.0
1522.1866150394592 50.0
1521.034063608837 50.0
1521.034063608837 50.0
1521.610339324148 50.0
1521.610339324148 50.0
1522.1866150394592 50.0
1522.1866150394592 50.0
1521.3222014664925 50.0
1522.4747528971147 50.0
1521.8984771818036 50.0
1520.7459257511814 50.0
1520.1696500358703 50.0
1520.7459257511814 50.0
1521.3222014664925 50.0
1521.8984771818036 50.0
1521.8984771818036 50.0
1522.4747528971147 50.0
1523.051028612426 50.0
1523.051028612426 50.0
1523.6273043277372 50.0
1521.610339324148 50.0
1521.8984771818036 50.0
1522.4747528971147 50.0
1520.7459257511814 50.0
1521.3222014664925 50.0
1519.5933743205594 50.0
1520.1696500358703 50.0
1521.3222014664925 50.0
1521.8984771818036 50.0
1523.051028612426 50.0
1523.051028612426 50.0
1521.8984771818036 50.0
1521.8984771818036 50.0
1521.8984771818036 50.0
1521.3222014664925 50.0
1520.7459257511814 50.0
1521.3222014664925 50.0
1520.1696500358703 50.0
1520.7459257511814 50.0
1520.7459257511814 50.0
1520.1696500358703 50.0
1520.7459257511814 50.0
1519.0170986052483 50.0
1518.4408228899374 50.0
1517.8645471746265 50.0
1519.0170986052483 50.0
1517.2882714593156 50.0
1516.7119957440048 50.0
1517.8645471746265 50.0
1516.7119957440048 50.0
1516.7119957440048 50.0
1517.2882714593156 50.0
1517.8645471746265 50.0
1517.8645471746265 50.0
1516.7119957440048 50.0
1516.1357200286939 50.0
1516.1357200286939 50.0
1517.2882714593156 50.0
1516.7119957440048 50.0
1517.2882714593156 50.0
1516.7119957440048 50.0
1517.2882714593156 50.0
1518.4408228899374 50.0
1520.1696500358703 50.0
1518.4408228899374 50.0
1517.2882714593156 50.0
1517.2882714593156 50.0
1517.2882714593156 50.0
1518.4408228899374 50.0
1523.051028612426 50.0
1523.051028612426 50.0
1524.7798557583599 50.0
1524.7798557583599 50.0
1525.3561314736714 50.0
1525.3561314736714 50.0
1525.9324071889828 50.0
1525.3561314736714 50.0
1525.3561314736714 50.0
1525.3561314736714 50.0
1525.9324071889828 50.0
1524.7798557583599 50.0
1524.2035800430485 50.0
1522.4747528971147 50.0
1524.2035800430485 50.0
1525.3561314736714 50.0
1525.9324071889828 50.0
1526.5086829042943 50.0
1527.6612343349175 50.0
1527.6612343349175 50.0
1527.6612343349175 50.0
1527.084958619606 50.0
1525.9324071889828 50.0
1525.3561314736714 50.0
1525.9324071889828 50.0
1526.5086829042943 50.0
1527.084958619606 50.0
1527.084958619606 50.0
1528.8137857655408 50.0
1529.3900614808526 50.0
1529.9663371961647 50.0
1528.525647907885 50.0
1528.525647907885 50.0
1526.7968207619501 50.0
1527.9493721925733 50.0
1526.7968207619501 50.0
1528.2375100502293 50.0
1529.3900614808526 50.0
1529.3900614808526 50.0
1529.9663371961647 50.0
1529.9663371961647 50.0
1527.6612343349175 50.0
1527.084958619606 50.0
1527.084958619606 50.0
1528.2375100502293 50.0
1527.6612343349175 50.0
1528.2375100502293 50.0
1527.6612343349175 50.0
1526.5086829042943 50.0
1525.3561314736714 50.0
1525.9324071889828 50.0
1525.3561314736714 50.0
1525.3561314736714 50.0
1525.9324071889828 50.0
1526.5086829042943 50.0
1527.6612343349175 50.0
1528.2375100502293 50.0
1525.9324071889828 50.0
1527.6612343349175 50.0
1528.2375100502293 50.0
1527.084958619606 50.0
1528.2375100502293 50.0
1527.084958619606 50.0
1527.6612343349175 50.0
1527.084958619606 50.0
1527.084958619606 50.0
1525.9324071889828 50.0
1527.6612343349175 50.0
1528.8137857655408 50.0
1528.2375100502293 50.0
1528.8137857655408 50.0
1529.3900614808526 50.0
1528.2375100502293 50.0
1529.3900614808526 50.0
1529.9663371961647 50.0
1529.9663371961647 50.0
1529.9663371961647 50.0
1530.5426129114765 50.0
1529.9663371961647 50.0
1529.9663371961647 50.0
1529.9663371961647 50.0
1528.8137857655408 50.0
1528.8137857655408 50.0
1528.8137857655408 50.0
1528.8137857655408 50.0
1529.3900614808526 50.0
1528.2375100502293 50.0
1525.9324071889828 50.0
1525.3561314736714 50.0
1528.2375100502293 50.0
1528.2375100502293 50.0
1528.8137857655408 50.0
1528.8137857655408 50.0
1529.3900614808526 50.0
1528.8137857655408 50.0
1529.3900614808526 50.0
1528.2375100502293 50.0
1528.8137857655408 50.0
1529.3900614808526 50.0
1529.3900614808526 50.0
1530.5426129114765 50.0
1530.5426129114765 50.0
1529.3900614808526 50.0
1529.3900614808526 50.0
1529.3900614808526 50.0
1527.6612343349175 50.0
1528.2375100502293 50.0
1528.8137857655408 50.0
1529.3900614808526 50.0
1530.5426129114765 50.0
1529.3900614808526 50.0
1529.9663371961647 50.0
1532.8477157727248 50.0
1531.6951643421005 50.0
1532.2714400574125 50.0
1531.6951643421005 50.0
1532.8477157727248 50.0
1534.0002672033493 50.0
1534.0002672033493 50.0
1534.5765429186615 50.0
1534.5765429186615 50.0
1534.0002672033493 50.0
1532.8477157727248 50.0
1532.2714400574125 50.0
1530.5426129114765 50.0
1529.9663371961647 50.0
1529.3900614808526 50.0
1528.8137857655408 50.0
1528.8137857655408 50.0
1528.2375100502293 50.0
1528.2375100502293 50.0
1529.3900614808526 50.0
1528.8137857655408 50.0
1528.2375100502293 50.0
1528.8137857655408 50.0
1528.8137857655408 50.0
1529.3900614808526 50.0
1529.9663371961647 50.0
1530.5426129114765 50.0
1530.5426129114765 50.0
1528.8137857655408 50.0
1528.8137857655408 50.0
1528.8137857655408 50.0
1528.2375100502293 50.0
1527.084958619606 50.0
1528.8137857655408 50.0
1528.8137857655408 50.0
1528.8137857655408 50.0
1527.6612343349175 50.0
1526.5086829042943 50.0
1526.5086829042943 50.0
1526.5086829042943 50.0
1527.084958619606 50.0
1526.5086829042943 50.0
1525.9324071889828 50.0
1526.5086829042943 50.0
1526.5086829042943 50.0
1527.084958619606 50.0
1529.3900614808526 50.0
1528.8137857655408 50.0
1528.2375100502293 50.0
1528.2375100502293 50.0
1529.9663371961647 50.0
1529.9663371961647 50.0
1531.6951643421005 50.0
1532.2714400574125 50.0
1532.2714400574125 50.0
1529.9663371961647 50.0
1529.3900614808526 50.0
1531.1188886267885 50.0
1532.2714400574125 50.0
1532.2714400574125 50.0
1532.8477157727248 50.0
1532.8477157727248 50.0
1532.2714400574125 50.0
1532.8477157727248 50.0
1532.2714400574125 50.0
1532.2714400574125 50.0
1531.6951643421005 50.0
1532.2714400574125 50.0
1530.5426129114765 50.0
1530.5426129114765 50.0
1529.3900614808526 50.0
1529.3900614808526 50.0
1529.3900614808526 50.0
1529.9663371961647 50.0
1529.9663371961647 50.0
1528.8137857655408 50.0
1528.8137857655408 50.0
1528.2375100502293 50.0
1528.8137857655408 50.0
1528.2375100502293 50.0
1529.3900614808526 50.0
1529.3900614808526 50.0
1528.2375100502293 50.0
1528.8137857655408 50.0
1528.2375100502293 50.0
1529.3900614808526 50.0
1529.3900614808526 50.0
1529.3900614808526 50.0
1528.8137857655408 50.0
1529.9663371961647 50.0
1529.3900614808526 50.0
1528.8137857655408 50.0
1528.8137857655408 50.0
1527.6612343349175 50.0
1529.3900614808526 50.0
1529.9663371961647 50.0
1530.5426129114765 50.0
1532.2714400574125 50.0
1533.4239914880368 50.0
1534.0002672033493 50.0
1532.2714400574125 50.0
1532.8477157727248 50.0
1534.0002672033493 50.0
1533.4239914880368 50.0
1532.8477157727248 50.0
1535.152818633974 50.0
1535.152818633974 50.0
1535.7290943492865 50.0
1535.152818633974 50.0
1534.5765429186615 50.0
1532.8477157727248 50.0
1534.0002672033493 50.0
1535.7290943492865 50.0
1535.152818633974 50.0
1534.0002672033493 50.0
1534.0002672033493 50.0
1535.152818633974 50.0
1534.5765429186615 50.0
1534.5765429186615 50.0
1532.8477157727248 50.0
1533.4239914880368 50.0
1531.6951643421005 50.0
1532.8477157727248 50.0
1532.2714400574125 50.0
1531.6951643421005 50.0
1531.1188886267885 50.0
1531.6951643421005 50.0
1532.2714400574125 50.0
1531.6951643421005 50.0
1532.8477157727248 50.0
1532.8477157727248 50.0
1532.8477157727248 50.0
1532.8477157727248 50.0
1531.6951643421005 50.0
1530.5426129114765 50.0
1529.9663371961647 50.0
1528.2375100502293 50.0
1528.2375100502293 50.0
1528.8137857655408 50.0
1527.084958619606 50.0
1526.5086829042943 50.0
1527.084958619606 50.0
1528.2375100502293 50.0
1526.5086829042943 50.0
1525.3561314736714 50.0
1524.7798557583599 50.0
1525.3561314736714 50.0
1524.2035800430485 50.0
1524.2035800430485 50.0
1525.9324071889828 50.0
1525.9324071889828 50.0
1527.6612343349175 50.0
1527.6612343349175 50.0
1527.084958619606 50.0
1527.084958619606 50.0
1528.2375100502293 50.0
1528.8137857655408 50.0
1528.8137857655408 50.0
1528.2375100502293 50.0
1528.2375100502293 50.0
1528.8137857655408 50.0
1530.5426129114765 50.0
1529.9663371961647 50.0
1529.3900614808526 50.0
1529.3900614808526 50.0
1530.5426129114765 50.0
1530.5426129114765 50.0
1529.9663371961647 50.0
1528.8137857655408 50.0
1528.8137857655408 50.0
1528.2375100502293 50.0
1528.8137857655408 50.0
1528.8137857655408 50.0
1528.8137857655408 50.0
1528.8137857655408 50.0
1529.9663371961647 50.0
1529.9663371961647 50.0
1530.5426129114765 50.0
1530.5426129114765 50.0
1530.5426129114765 50.0
1529.3900614808526 50.0
1529.3900614808526 50.0
1528.8137857655408 50.0
1528.8137857655408 50.0
1528.8137857655408 50.0
1528.8137857655408 50.0
1529.9663371961647 50.0
1529.9663371961647 50.0
1528.8137857655408 50.0
1529.3900614808526 50.0
1531.1188886267885 50.0
1531.1188886267885 50.0
1531.1188886267885 50.0
1531.1188886267885 50.0
1531.1188886267885 50.0
1530.5426129114765 50.0
1530.5426129114765 50.0
1530.5426129114765 50.0
1531.1188886267885 50.0
1531.6951643421005 50.0
1530.5426129114765 50.0
1529.9663371961647 50.0
1529.9663371961647 50.0
1529.3900614808526 50.0
1530.5426129114765 50.0
1531.6951643421005 50.0
1531.6951643421005 50.0
1532.2714400574125 50.0
1532.8477157727248 50.0
1532.8477157727248 50.0
1532.2714400574125 50.0
1532.8477157727248 50.0
1532.2714400574125 50.0
1532.2714400574125 50.0
1532.8477157727248 50.0
1532.8477157727248 50.0
1532.2714400574125 50.0
1531.6951643421005 50.0
1532.2714400574125 50.0
1532.2714400574125 50.0
1531.6951643421005 50.0
1532.2714400574125 50.0
1533.4239914880368 50.0
1533.4239914880368 50.0
1533.4239914880368 50.0
1534.0002672033493 50.0
1532.8477157727248 50.0
1532.8477157727248 50.0
1535.152818633974 50.0
1534.5765429186615 50.0
1535.152818633974 50.0
1535.7290943492865 50.0
1535.152818633974 50.0
1535.152818633974 50.0
1535.7290943492865 50.0
1535.7290943492865 50.0
1536.305370064599 50.0
1537.4579214952241 50.0
1536.8816457799117 50.0
1536.8816457799117 50.0
1536.8816457799117 50.0
1537.4579214952241 50.0
1537.4579214952241 50.0
1536.8816457799117 50.0
1536.305370064599 50.0
1535.152818633974 50.0
1536.305370064599 50.0
1536.305370064599 50.0
1536.305370064599 50.0
1536.305370064599 50.0
1535.7290943492865 50.0
1535.152818633974 50.0
1536.305370064599 50.0
1537.4579214952241 50.0
1536.8816457799117 50.0
1536.8816457799117 50.0
1536.8816457799117 50.0
1534.5765429186615 50.0
1535.7290943492865 50.0
1538.034197210537 50.0
1537.4579214952241 50.0
1538.6104729258498 50.0
1538.6104729258498 50.0
1537.4579214952241 50.0
1539.7630243564759 50.0
1539.7630243564759 50.0
1538.6104729258498 50.0
1537.4579214952241 50.0
1538.034197210537 50.0
1538.034197210537 50.0
1538.034197210537 50.0
1539.7630243564759 50.0
1539.1867486411627 50.0
1539.1867486411627 50.0
1540.915575787102 50.0
1539.1867486411627 50.0
1539.1867486411627 50.0
1539.7630243564759 50.0
1540.3393000717888 50.0
