MTCMMO
1166.3363607990264 50.0
1124.2682335658455 50.0
1090.844242062753 50.0
1091.996793493937 50.0
1090.844242062753 50.0
1091.4205177783454 50.0
1082.200106328767 50.0
1072.9796948789804 50.0
1072.4034191633618 50.0
1071.8271434477422 50.0
1068.3694891540076 50.0
1066.064386291501 50.0
1064.9118348602428 50.0
1068.3694891540076 50.0
1068.9457648696323 50.0
1068.3694891540076 50.0
1066.064386291501 50.0
1063.759283428981 50.0
1064.9118348602428 50.0
1064.9118348602428 50.0
1069.5220405852558 50.0
1065.4881105758723 50.0
1066.6406620071289 50.0
1068.3694891540076 50.0
1068.9457648696323 50.0
1070.0983163008789 50.0
1073.5559705945984 50.0
1079.3187277507313 50.0
1080.471279181948 50.0
1083.9289334755788 50.0
1085.6577606223832 50.0
1083.3526577599755 50.0
1086.810312053582 50.0
1084.505209191181 50.0
1087.38658776918 50.0
1094.3018963562968 50.0
1098.3358263653954 50.0
1095.4544477874715 50.0
1101.2172049432995 50.0
1103.5223078056088 50.0
1104.098583521184 50.0
1104.674859236759 50.0
1104.674859236759 50.0
1106.403686383478 50.0
1106.9799620990498 50.0
1108.1325135301904 50.0
1112.1664435391592 50.0
1115.0478221169715 50.0
1121.3868549880926 50.0
1120.81057927254 50.0
1125.9970607124883 50.0
1124.2682335658455 50.0
1133.4886450145323 50.0
1132.9123692989947 50.0
1133.4886450145323 50.0
1138.675126454338 50.0
1146.1667107561793 50.0
1156.5396736354603 50.0
1159.9973279285052 50.0
1165.1838093680285 50.0
1170.3702908074988 50.0
1172.0991179539774 50.0
1172.0991179539774 50.0
1174.9804965314288 50.0
1177.2855993933788 50.0
1176.7093236778921 50.0
1174.9804965314288 50.0
1178.4381508243498 50.0
1180.1669779708018 50.0
1179.5907022553183 50.0
1183.0483565482093 50.0
1182.472080832729 50.0
1184.200907979168 50.0
1183.624632263689 50.0
1187.6585622720293 50.0
1187.6585622720293 50.0
1186.506010841078 50.0
1186.506010841078 50.0
1185.9297351256014 50.0
1185.9297351256014 50.0
1188.234837987504 50.0
1187.6585622720293 50.0
1188.234837987504 50.0
1187.082286556554 50.0
1185.3534594101243 50.0
1187.082286556554 50.0
1188.8111137029782 50.0
1187.082286556554 50.0
1188.234837987504 50.0
1192.2687679958105 50.0
1193.9975951422184 50.0
1193.9975951422184 50.0
1198.031525150483 50.0
1196.8789737195534 50.0
1199.7603522968734 50.0
1199.7603522968734 50.0
1198.607800865947 50.0
1198.031525150483 50.0
1195.726422288621 50.0
1196.3026980040875 50.0
1195.1501465731542 50.0
1195.1501465731542 50.0
1193.9975951422184 50.0
1192.8450437112804 50.0
1193.9975951422184 50.0
1192.8450437112804 50.0
1195.726422288621 50.0
1192.2687679958105 50.0
1192.8450437112804 50.0
1190.539940849397 50.0
1188.8111137029782 50.0
1187.082286556554 50.0
1190.539940849397 50.0
1189.9636651339247 50.0
1189.9636651339247 50.0
1189.387389418452 50.0
1185.3534594101243 50.0
1184.7771836946465 50.0
1188.8111137029782 50.0
1191.6924922803398 50.0
1189.9636651339247 50.0
1188.8111137029782 50.0
1190.539940849397 50.0
1189.9636651339247 50.0
1189.387389418452 50.0
1189.387389418452 50.0
1191.1162165648689 50.0
1191.1162165648689 50.0
1193.4213194267497 50.0
1192.8450437112804 50.0
1189.9636651339247 50.0
1191.1162165648689 50.0
1189.387389418452 50.0
1191.6924922803398 50.0
1191.1162165648689 50.0
1190.539940849397 50.0
1190.539940849397 50.0
1189.387389418452 50.0
1189.9636651339247 50.0
1189.387389418452 50.0
1189.387389418452 50.0
1189.9636651339247 50.0
1186.506010841078 50.0
1188.234837987504 50.0
1186.506010841078 50.0
1188.234837987504 50.0
1189.387389418452 50.0
1188.8111137029782 50.0
1187.082286556554 50.0
1190.539940849397 50.0
1188.8111137029782 50.0
1187.6585622720293 50.0
1189.387389418452 50.0
1191.6924922803398 50.0
1191.1162165648689 50.0
1189.387389418452 50.0
1190.539940849397 50.0
1189.9636651339247 50.0
1189.9636651339247 50.0
1189.9636651339247 50.0
1190.539940849397 50.0
1191.1162165648689 50.0
1192.8450437112804 50.0
1191.1162165648689 50.0
1191.6924922803398 50.0
1190.539940849397 50.0
1191.1162165648689 50.0
1190.539940849397 50.0
1189.9636651339247 50.0
1189.9636651339247 50.0
1188.8111137029782 50.0
1189.387389418452 50.0
1189.387389418452 50.0
1190.539940849397 50.0
1189.387389418452 50.0
1188.8111137029782 50.0
1188.8111137029782 50.0
1191.1162165648689 50.0
1189.9636651339247 50.0
1189.387389418452 50.0
1188.234837987504 50.0
1188.234837987504 50.0
1188.234837987504 50.0
1188.234837987504 50.0
1189.9636651339247 50.0
1189.387389418452 50.0
1187.082286556554 50.0
1189.9636651339247 50.0
1191.1162165648689 50.0
1191.1162165648689 50.0
1191.1162165648689 50.0
1191.6924922803398 50.0
1191.6924922803398 50.0
1192.8450437112804 50.0
1194.5738708576866 50.0
1194.5738708576866 50.0
1195.726422288621 50.0
1196.8789737195534 50.0
1197.4552494350185 50.0
1198.607800865947 50.0
1199.1840765814104 50.0
1201.4891794432583 50.0
1199.1840765814104 50.0
1198.607800865947 50.0
1199.1840765814104 50.0
1200.3366280123355 50.0
1199.7603522968734 50.0
1200.3366280123355 50.0
1203.218006589638 50.0
1203.7942823050969 50.0
1205.5231094514697 50.0
1204.9468337360126 50.0
1207.8282123132922 50.0
1208.9807637442 50.0
1208.4044880287463 50.0
1210.1333151751055 50.0
1210.7095908905574 50.0
1210.7095908905574 50.0
1210.1333151751055 50.0
1209.557039459653 50.0
1211.2858666060088 50.0
1211.8621423214595 50.0
1214.1672451832571 50.0
1214.7435208987054 50.0
1216.472348045046 50.0
1216.472348045046 50.0
1216.472348045046 50.0
1215.3197966141524 50.0
1216.472348045046 50.0
1217.624899475937 50.0
1217.624899475937 50.0
1217.624899475937 50.0
1217.624899475937 50.0
1218.7774509068258 50.0
1218.7774509068258 50.0
1218.2011751913815 50.0
1218.7774509068258 50.0
1219.3537266222693 50.0
1219.3537266222693 50.0
1219.3537266222693 50.0
1221.6588294840383 50.0
1221.0825537685969 50.0
1222.2351051994792 50.0
1223.3876566303593 50.0
1223.3876566303593 50.0
1223.3876566303593 50.0
1223.3876566303593 50.0
1223.3876566303593 50.0
1223.3876566303593 50.0
1223.3876566303593 50.0
1224.5402080612373 50.0
1224.5402080612373 50.0
1225.692759492113 50.0
1226.2690352075501 50.0
1226.8453109229868 50.0
1227.9978623538582 50.0
1227.9978623538582 50.0
1226.2690352075501 50.0
1227.9978623538582 50.0
1227.421586638423 50.0
1227.9978623538582 50.0
1228.5741380692932 50.0
1227.9978623538582 50.0
1227.421586638423 50.0
1229.1504137847278 50.0
1228.5741380692932 50.0
1227.9978623538582 50.0
1228.5741380692932 50.0
1227.421586638423 50.0
1229.1504137847278 50.0
1229.7266895001617 50.0
1227.9978623538582 50.0
1229.1504137847278 50.0
1229.1504137847278 50.0
1230.3029652155951 50.0
1230.3029652155951 50.0
1228.5741380692932 50.0
1229.7266895001617 50.0
1230.3029652155951 50.0
1231.4555166464604 50.0
1231.4555166464604 50.0
1232.0317923618923 50.0
1232.0317923618923 50.0
1231.4555166464604 50.0
1230.3029652155951 50.0
1230.879240931028 50.0
1230.879240931028 50.0
1230.879240931028 50.0
1230.879240931028 50.0
1231.4555166464604 50.0
1231.4555166464604 50.0
1232.0317923618923 50.0
1232.6080680773234 50.0
1232.0317923618923 50.0
1233.7606195081844 50.0
1236.0657223699004 50.0
1236.6419980853282 50.0
1236.6419980853282 50.0
1236.0657223699004 50.0
1236.0657223699004 50.0
1234.9131709390435 50.0
1235.4894466544724 50.0
1234.9131709390435 50.0
1236.6419980853282 50.0
1236.0657223699004 50.0
1236.6419980853282 50.0
1237.794549516182 50.0
1236.6419980853282 50.0
1236.0657223699004 50.0
1236.0657223699004 50.0
1234.3368952236144 50.0
1233.7606195081844 50.0
1234.3368952236144 50.0
1234.3368952236144 50.0
1233.7606195081844 50.0
1233.7606195081844 50.0
1232.0317923618923 50.0
1233.7606195081844 50.0
1233.1843437927544 50.0
1233.1843437927544 50.0
1233.1843437927544 50.0
1232.6080680773234 50.0
1234.9131709390435 50.0
1233.7606195081844 50.0
1233.7606195081844 50.0
1234.9131709390435 50.0
1234.9131709390435 50.0
1236.0657223699004 50.0
1236.0657223699004 50.0
1236.0657223699004 50.0
1236.0657223699004 50.0
1236.6419980853282 50.0
1237.2182738007555 50.0
1237.794549516182 50.0
1238.3708252316083 50.0
1240.6759280933077 50.0
1240.6759280933077 50.0
1240.0996523778836 50.0
1238.947100947034 50.0
1240.0996523778836 50.0
1239.523376662459 50.0
1239.523376662459 50.0
1238.947100947034 50.0
1238.947100947034 50.0
1237.2182738007555 50.0
1237.794549516182 50.0
1238.3708252316083 50.0
1238.3708252316083 50.0
1239.523376662459 50.0
1239.523376662459 50.0
1239.523376662459 50.0
1241.2522038087313 50.0
1239.523376662459 50.0
1239.523376662459 50.0
1240.0996523778836 50.0
1240.0996523778836 50.0
1240.0996523778836 50.0
1239.523376662459 50.0
1239.523376662459 50.0
1237.794549516182 50.0
1236.6419980853282 50.0
1236.6419980853282 50.0
1236.6419980853282 50.0
1236.6419980853282 50.0
1235.4894466544724 50.0
1235.4894466544724 50.0
1234.3368952236144 50.0
1234.3368952236144 50.0
1233.1843437927544 50.0
1233.1843437927544 50.0
1232.6080680773234 50.0
1230.879240931028 50.0
1229.7266895001617 50.0
1229.7266895001617 50.0
1229.7266895001617 50.0
1229.1504137847278 50.0
1229.1504137847278 50.0
1229.7266895001617 50.0
1230.3029652155951 50.0
1230.879240931028 50.0
1230.3029652155951 50.0
1230.3029652155951 50.0
1229.7266895001617 50.0
1228.5741380692932 50.0
1228.5741380692932 50.0
1228.5741380692932 50.0
1229.1504137847278 50.0
1229.7266895001617 50.0
1230.3029652155951 50.0
1229.7266895001617 50.0
1230.3029652155951 50.0
1230.3029652155951 50.0
1229.7266895001617 50.0
1230.3029652155951 50.0
1230.3029652155951 50.0
1229.1504137847278 50.0
1227.9978623538582 50.0
1227.421586638423 50.0
1227.421586638423 50.0
1227.421586638423 50.0
1226.8453109229868 50.0
1224.5402080612373 50.0
1225.692759492113 50.0
1226.2690352075501 50.0
1227.421586638423 50.0
1227.421586638423 50.0
1226.8453109229868 50.0
1226.8453109229868 50.0
1225.692759492113 50.0
1225.1164837766753 50.0
1225.692759492113 50.0
1226.2690352075501 50.0
1226.8453109229868 50.0
1225.692759492113 50.0
1224.5402080612373 50.0
1224.5402080612373 50.0
1223.9639323457986 50.0
1223.9639323457986 50.0
1224.5402080612373 50.0
1223.9639323457986 50.0
1224.5402080612373 50.0
1224.5402080612373 50.0
1223.3876566303593 50.0
1222.8113809149195 50.0
1223.3876566303593 50.0
1223.3876566303593 50.0
1222.8113809149195 50.0
1222.8113809149195 50.0
1222.8113809149195 50.0
1221.6588294840383 50.0
1221.6588294840383 50.0
1221.6588294840383 50.0
1221.0825537685969 50.0
1221.0825537685969 50.0
1219.9300023377123 50.0
1219.9300023377123 50.0
1219.9300023377123 50.0
1220.5062780531548 50.0
1219.9300023377123 50.0
1219.9300023377123 50.0
1218.7774509068258 50.0
1218.2011751913815 50.0
1218.2011751913815 50.0
1217.0486237604916 50.0
1216.472348045046 50.0
1216.472348045046 50.0
1215.3197966141524 50.0
1214.7435208987054 50.0
1214.7435208987054 50.0
1214.1672451832571 50.0
1213.5909694678087 50.0
1214.7435208987054 50.0
1213.5909694678087 50.0
1214.1672451832571 50.0
1214.1672451832571 50.0
1214.1672451832571 50.0
1214.7435208987054 50.0
1213.0146937523596 50.0
1213.5909694678087 50.0
1213.5909694678087 50.0
1213.0146937523596 50.0
1213.0146937523596 50.0
1213.0146937523596 50.0
1212.43841803691 50.0
1212.43841803691 50.0
1211.8621423214595 50.0
1210.7095908905574 50.0
1210.7095908905574 50.0
1211.2858666060088 50.0
1210.7095908905574 50.0
1209.557039459653 50.0
1208.9807637442 50.0
1208.4044880287463 50.0
1208.4044880287463 50.0
1206.0993851669261 50.0
1206.0993851669261 50.0
1205.5231094514697 50.0
1204.370558020555 50.0
1203.7942823050969 50.0
1203.218006589638 50.0
1203.7942823050969 50.0
1202.6417308741788 50.0
1201.4891794432583 50.0
1201.4891794432583 50.0
1200.3366280123355 50.0
1199.7603522968734 50.0
1199.1840765814104 50.0
1200.3366280123355 50.0
1200.3366280123355 50.0
1200.9129037277971 50.0
1200.9129037277971 50.0
1199.7603522968734 50.0
1199.7603522968734 50.0
1198.607800865947 50.0
1198.607800865947 50.0
1197.4552494350185 50.0
1196.8789737195534 50.0
1196.3026980040875 50.0
1195.726422288621 50.0
1195.726422288621 50.0
1195.726422288621 50.0
1193.9975951422184 50.0
1193.9975951422184 50.0
1191.6924922803398 50.0
1191.6924922803398 50.0
1189.9636651339247 50.0
1187.082286556554 50.0
1187.082286556554 50.0
1185.9297351256014 50.0
1185.9297351256014 50.0
1185.3534594101243 50.0
1183.624632263689 50.0
1183.624632263689 50.0
1183.0483565482093 50.0
1182.472080832729 50.0
1181.3195294017667 50.0
1180.7432536862846 50.0
1179.5907022553183 50.0
1179.0144265398344 50.0
1177.8618751088645 50.0
1175.5567722469173 50.0
1173.2516693849598 50.0
1170.9465665229923 50.0
1170.3702908074988 50.0
1168.0651879455186 50.0
1168.0651879455186 50.0
1165.7600850835277 50.0
1165.1838093680285 50.0
1163.4549822215267 50.0
1161.726155075019 50.0
1160.5736036440105 50.0
1160.5736036440105 50.0
1158.8447764974928 50.0
1158.2685007819857 50.0
1158.2685007819857 50.0
1158.2685007819857 50.0
1157.1159493509692 50.0
1157.1159493509692 50.0
1155.9633979199502 50.0
1155.3871222044397 50.0
1155.3871222044397 50.0
1154.2345707734166 50.0
1154.2345707734166 50.0
1154.2345707734166 50.0
1153.658295057904 50.0
1153.082019342391 50.0
1152.5057436268771 50.0
1151.9294679113623 50.0
1151.3531921958472 50.0
1151.3531921958472 50.0
1151.3531921958472 50.0
1151.3531921958472 50.0
1151.3531921958472 50.0
1151.3531921958472 50.0
1151.3531921958472 50.0
1150.7769164803312 50.0
1150.7769164803312 50.0
1150.7769164803312 50.0
1150.7769164803312 50.0
1150.7769164803312 50.0
1150.7769164803312 50.0
1150.7769164803312 50.0
1150.7769164803312 50.0
1150.7769164803312 50.0
1150.7769164803312 50.0
1150.7769164803312 50.0
1150.2006407648146 50.0
1150.2006407648146 50.0
1150.2006407648146 50.0
1149.6243650492975 50.0
1149.6243650492975 50.0
1149.6243650492975 50.0
1148.4718136182607 50.0
1147.8955379027416 50.0
1147.8955379027416 50.0
1147.8955379027416 50.0
1147.8955379027416 50.0
1147.8955379027416 50.0
1147.8955379027416 50.0
1147.3192621872213 50.0
1147.3192621872213 50.0
1147.3192621872213 50.0
1147.3192621872213 50.0
1147.3192621872213 50.0
1147.3192621872213 50.0
1147.3192621872213 50.0
1147.3192621872213 50.0
1147.3192621872213 50.0
1147.3192621872213 50.0
1147.3192621872213 50.0
1147.3192621872213 50.0
1147.3192621872213 50.0
1147.3192621872213 50.0
1146.7429864717008 50.0
1146.7429864717008 50.0
1146.7429864717008 50.0
1146.1667107561793 50.0
1146.1667107561793 50.0
1145.5904350406572 50.0
1145.5904350406572 50.0
1145.5904350406572 50.0
1145.5904350406572 50.0
1145.5904350406572 50.0
1145.5904350406572 50.0
1145.5904350406572 50.0
1144.437883609611 50.0
1144.437883609611 50.0
1144.437883609611 50.0
1144.437883609611 50.0
1143.8616078940868 50.0
1143.8616078940868 50.0
1143.8616078940868 50.0
1143.8616078940868 50.0
1143.8616078940868 50.0
1143.8616078940868 50.0
1143.8616078940868 50.0
1143.285332178562 50.0
1143.285332178562 50.0
1143.285332178562 50.0
1143.285332178562 50.0
1143.285332178562 50.0
1143.285332178562 50.0
1143.285332178562 50.0
1143.285332178562 50.0
1143.285332178562 50.0
1142.7090564630364 50.0
1142.7090564630364 50.0
1142.7090564630364 50.0
1142.7090564630364 50.0
1142.7090564630364 50.0
1142.7090564630364 50.0
1142.1327807475102 50.0
1141.5565050319833 50.0
1142.1327807475102 50.0
1142.1327807475102 50.0
1141.5565050319833 50.0
1141.5565050319833 50.0
1141.5565050319833 50.0
1141.5565050319833 50.0
1140.9802293164555 50.0
1140.9802293164555 50.0
1140.9802293164555 50.0
1141.5565050319833 50.0
1140.9802293164555 50.0
1140.4039536009273 50.0
1140.4039536009273 50.0
1139.827677885398 50.0
1139.827677885398 50.0
1138.675126454338 50.0
1138.675126454338 50.0
1138.675126454338 50.0
1138.675126454338 50.0
1138.675126454338 50.0
1138.675126454338 50.0
1138.675126454338 50.0
1138.675126454338 50.0
1138.675126454338 50.0
1138.675126454338 50.0
1138.675126454338 50.0
1138.675126454338 50.0
1138.675126454338 50.0
1138.675126454338 50.0
1138.675126454338 50.0
1138.098850738807 50.0
1138.098850738807 50.0
1137.522575023275 50.0
1137.522575023275 50.0
1137.522575023275 50.0
1137.522575023275 50.0
1137.522575023275 50.0
1136.9462993077425 50.0
1136.9462993077425 50.0
1135.7937478766753 50.0
1135.2174721611404 50.0
1134.6411964456051 50.0
1133.4886450145323 50.0
1132.9123692989947 50.0
1132.9123692989947 50.0
1132.3360935834567 50.0
1132.3360935834567 50.0
1132.9123692989947 50.0
1132.9123692989947 50.0
1132.9123692989947 50.0
1132.9123692989947 50.0
1132.3360935834567 50.0
1132.3360935834567 50.0
1131.7598178679175 50.0
1131.7598178679175 50.0
1131.7598178679175 50.0
1131.1835421523779 50.0
1131.7598178679175 50.0
1131.1835421523779 50.0
1131.1835421523779 50.0
1131.1835421523779 50.0
1131.1835421523779 50.0
1130.6072664368376 50.0
1130.6072664368376 50.0
1130.6072664368376 50.0
1130.0309907212966 50.0
1130.0309907212966 50.0
1130.0309907212966 50.0
1130.0309907212966 50.0
1130.0309907212966 50.0
1129.4547150057547 50.0
1129.4547150057547 50.0
1129.4547150057547 50.0
1128.8784392902119 50.0
1128.8784392902119 50.0
1128.8784392902119 50.0
1128.8784392902119 50.0
1128.3021635746688 50.0
1128.3021635746688 50.0
1128.3021635746688 50.0
1128.3021635746688 50.0
1128.3021635746688 50.0
1128.3021635746688 50.0
1128.3021635746688 50.0
1128.3021635746688 50.0
1128.3021635746688 50.0
1128.3021635746688 50.0
1128.3021635746688 50.0
1128.3021635746688 50.0
1127.7258878591247 50.0
1127.14961214358 50.0
1127.14961214358 50.0
1126.5733364280347 50.0
1125.9970607124883 50.0
1125.9970607124883 50.0
1125.9970607124883 50.0
1125.9970607124883 50.0
1125.4207849969414 50.0
1125.4207849969414 50.0
1125.4207849969414 50.0
1125.4207849969414 50.0
1125.4207849969414 50.0
1125.4207849969414 50.0
1125.4207849969414 50.0
1125.4207849969414 50.0
1125.4207849969414 50.0
1125.4207849969414 50.0
1124.8445092813938 50.0
1124.2682335658455 50.0
1123.6919578502964 50.0
1123.6919578502964 50.0
1123.6919578502964 50.0
1123.6919578502964 50.0
1123.6919578502964 50.0
1123.6919578502964 50.0
1123.6919578502964 50.0
1123.6919578502964 50.0
1123.6919578502964 50.0
1123.6919578502964 50.0
1123.6919578502964 50.0
1123.6919578502964 50.0
1123.6919578502964 50.0
1123.6919578502964 50.0
1123.6919578502964 50.0
1123.6919578502964 50.0
1123.6919578502964 50.0
1122.539406419196 50.0
1122.539406419196 50.0
1122.539406419196 50.0
1122.539406419196 50.0
1121.9631307036448 50.0
1121.9631307036448 50.0
1121.9631307036448 50.0
1121.9631307036448 50.0
1121.9631307036448 50.0
1121.9631307036448 50.0
1121.9631307036448 50.0
1121.9631307036448 50.0
1121.3868549880926 50.0
1121.3868549880926 50.0
1121.3868549880926 50.0
1121.3868549880926 50.0
1121.3868549880926 50.0
1121.3868549880926 50.0
1121.3868549880926 50.0
1121.3868549880926 50.0
1121.3868549880926 50.0
1121.3868549880926 50.0
1121.3868549880926 50.0
1121.3868549880926 50.0
1121.9631307036448 50.0
1121.9631307036448 50.0
1121.3868549880926 50.0
1120.81057927254 50.0
1120.81057927254 50.0
1120.81057927254 50.0
1120.81057927254 50.0
1120.81057927254 50.0
1120.81057927254 50.0
1120.81057927254 50.0
1120.81057927254 50.0
1119.6580278414322 50.0
1119.0817521258773 50.0
1117.929200694765 50.0
1117.929200694765 50.0
1117.929200694765 50.0
1117.352924979208 50.0
1117.929200694765 50.0
1117.929200694765 50.0
1117.929200694765 50.0
1117.929200694765 50.0
1117.929200694765 50.0
1117.929200694765 50.0
1117.929200694765 50.0
1117.352924979208 50.0
1117.352924979208 50.0
1117.352924979208 50.0
1116.77664926365 50.0
1115.6240978325318 50.0
1115.0478221169715 50.0
1115.0478221169715 50.0
1115.0478221169715 50.0
1114.4715464014107 50.0
1114.4715464014107 50.0
1114.4715464014107 50.0
1114.4715464014107 50.0
1114.4715464014107 50.0
1114.4715464014107 50.0
1114.4715464014107 50.0
1114.4715464014107 50.0
1114.4715464014107 50.0
1114.4715464014107 50.0
1114.4715464014107 50.0
1113.895270685849 50.0
1112.7427192547234 50.0
1112.7427192547234 50.0
1112.7427192547234 50.0
1112.7427192547234 50.0
1112.7427192547234 50.0
1112.7427192547234 50.0
1112.1664435391592 50.0
1111.5901678235946 50.0
1112.1664435391592 50.0
1111.5901678235946 50.0
1111.5901678235946 50.0
1111.5901678235946 50.0
1111.5901678235946 50.0
1111.5901678235946 50.0
1111.5901678235946 50.0
1111.013892108029 50.0
1111.013892108029 50.0
1111.013892108029 50.0
1111.013892108029 50.0
1111.013892108029 50.0
1109.861340676896 50.0
1109.861340676896 50.0
1109.861340676896 50.0
1109.861340676896 50.0
1110.4376163924628 50.0
1109.285064961328 50.0
1109.285064961328 50.0
1108.1325135301904 50.0
1107.5562378146203 50.0
1108.1325135301904 50.0
1106.9799620990498 50.0
1106.403686383478 50.0
1106.9799620990498 50.0
1106.403686383478 50.0
1106.403686383478 50.0
1106.9799620990498 50.0
1106.9799620990498 50.0
1106.9799620990498 50.0
1106.9799620990498 50.0
1106.9799620990498 50.0
1106.9799620990498 50.0
1106.9799620990498 50.0
1106.9799620990498 50.0
1106.9799620990498 50.0
1106.403686383478 50.0
1105.8274106679057 50.0
1105.8274106679057 50.0
1105.2511349523324 50.0
1105.2511349523324 50.0
1104.674859236759 50.0
1104.674859236759 50.0
1104.674859236759 50.0
1104.098583521184 50.0
1104.098583521184 50.0
1104.098583521184 50.0
1104.098583521184 50.0
1104.098583521184 50.0
1104.674859236759 50.0
1104.098583521184 50.0
1102.3697563744556 50.0
1102.3697563744556 50.0
1102.9460320900325 50.0
1102.9460320900325 50.0
1102.9460320900325 50.0
1102.3697563744556 50.0
1101.793480658878 50.0
1101.2172049432995 50.0
1101.2172049432995 50.0
1101.2172049432995 50.0
1100.6409292277203 50.0
1100.06465351214 50.0
1099.4883777965592 50.0
1099.4883777965592 50.0
1100.06465351214 50.0
1100.06465351214 50.0
1099.4883777965592 50.0
1098.3358263653954 50.0
1097.7595506498121 50.0
1097.7595506498121 50.0
1098.3358263653954 50.0
1098.3358263653954 50.0
1098.3358263653954 50.0
1098.3358263653954 50.0
1098.3358263653954 50.0
1098.3358263653954 50.0
1097.7595506498121 50.0
1098.3358263653954 50.0
1098.3358263653954 50.0
1098.3358263653954 50.0
1097.1832749342282 50.0
1096.6069992186435 50.0
1096.6069992186435 50.0
1096.030723503058 50.0
1095.4544477874715 50.0
1095.4544477874715 50.0
1095.4544477874715 50.0
1095.4544477874715 50.0
1094.8781720718846 50.0
1093.725620640708 50.0
1093.725620640708 50.0
1093.725620640708 50.0
1093.725620640708 50.0
1093.725620640708 50.0
1093.725620640708 50.0
1093.725620640708 50.0
1093.1493449251186 50.0
1093.1493449251186 50.0
1092.5730692095283 50.0
1092.5730692095283 50.0
1091.996793493937 50.0
1092.5730692095283 50.0
1092.5730692095283 50.0
1092.5730692095283 50.0
1092.5730692095283 50.0
1092.5730692095283 50.0
1092.5730692095283 50.0
1091.996793493937 50.0
1091.996793493937 50.0
1091.996793493937 50.0
1091.996793493937 50.0
1091.996793493937 50.0
1091.4205177783454 50.0
1091.4205177783454 50.0
1091.4205177783454 50.0
1091.4205177783454 50.0
1091.4205177783454 50.0
1091.4205177783454 50.0
1091.4205177783454 50.0
1091.4205177783454 50.0
1091.4205177783454 50.0
1091.4205177783454 50.0
1091.4205177783454 50.0
1090.844242062753 50.0
1090.844242062753 50.0
1090.844242062753 50.0
1090.844242062753 50.0
1090.844242062753 50.0
1090.2679663471595 50.0
1090.2679663471595 50.0
1089.691690631565 50.0
1089.691690631565 50.0
1089.691690631565 50.0
1089.1154149159702 50.0
1089.1154149159702 50.0
1089.1154149159702 50.0
1089.1154149159702 50.0
1089.1154149159702 50.0
1088.5391392003744 50.0
1088.5391392003744 50.0
1088.5391392003744 50.0
1088.5391392003744 50.0
1088.5391392003744 50.0
1088.5391392003744 50.0
1088.5391392003744 50.0
1088.5391392003744 50.0
1088.5391392003744 50.0
1088.5391392003744 50.0
1088.5391392003744 50.0
1088.5391392003744 50.0
1088.5391392003744 50.0
1088.5391392003744 50.0
1088.5391392003744 50.0
1088.5391392003744 50.0
1088.5391392003744 50.0
1087.9628634847777 50.0
1087.9628634847777 50.0
1087.38658776918 50.0
1087.38658776918 50.0
1086.810312053582 50.0
1086.810312053582 50.0
1086.810312053582 50.0
1087.38658776918 50.0
1086.810312053582 50.0
